fp64
 1024 1048576 1660850.708 1660850.708 1660850.708 1.2930022172709337 1.2930022172709337 1.2930022172709337 20.68803547633494 20.68803547633494 20.68803547633494
 1120 524288 840512.329 840512.329 840512.329 1.3972491294651788 1.3972491294651788 1.3972491294651788 22.35598607144286 22.35598607144286 22.35598607144286
 1232 524288 801776.123 801776.123 801776.123 1.6112298619798135 1.6112298619798135 1.6112298619798135 25.779677791677017 25.779677791677017 25.779677791677017
 1352 524288 843883.667 843883.667 843883.667 1.6799409769830276 1.6799409769830276 1.6799409769830276 26.87905563172844 26.87905563172844 26.87905563172844
 1480 524288 823027.405 823027.405 823027.405 1.8855902860245581 1.8855902860245581 1.8855902860245581 30.16944457639293 30.16944457639293 30.16944457639293
 1624 524288 834083.923 834083.923 834083.923 2.0416260007447717 2.0416260007447717 2.0416260007447717 32.66601601191635 32.66601601191635 32.66601601191635
 1784 524288 813689.331 813689.331 813689.331 2.2989850213483995 2.2989850213483995 2.2989850213483995 36.78376034157439 36.78376034157439 36.78376034157439
 1960 524288 856365.662 856365.662 856365.662 2.3999198604018757 2.3999198604018757 2.3999198604018757 38.39871776643001 38.39871776643001 38.39871776643001
 2152 262144 418064.758 418064.758 418064.758 2.698787100346784 2.698787100346784 2.698787100346784 43.180593605548545 43.180593605548545 43.180593605548545
 2360 262144 428463.806 428463.806 428463.806 2.887804436858314 2.887804436858314 2.887804436858314 46.204870989733024 46.204870989733024 46.204870989733024
 2592 262144 428382.446 428382.446 428382.446 3.1722926760635755 3.1722926760635755 3.1722926760635755 50.75668281701721 50.75668281701721 50.75668281701721
 2848 262144 428378.937 428378.937 428378.937 3.485634084758934 3.485634084758934 3.485634084758934 55.77014535614295 55.77014535614295 55.77014535614295
 3128 262144 417834.808 417834.808 417834.808 3.924931175193044 3.924931175193044 3.924931175193044 62.798898803088704 62.798898803088704 62.798898803088704
 3440 262144 428400.269 428400.269 428400.269 4.209966357420752 4.209966357420752 4.209966357420752 67.35946171873204 67.35946171873204 67.35946171873204
 3784 262144 417938.873 417938.873 417938.873 4.746880274044286 4.746880274044286 4.746880274044286 75.95008438470857 75.95008438470857 75.95008438470857
 4160 131072 211179.321 211179.321 211179.321 5.163948036370474 5.163948036370474 5.163948036370474 82.62316858192759 82.62316858192759 82.62316858192759
 4576 131072 216453.766 216453.766 216453.766 5.541926879664454 5.541926879664454 5.541926879664454 88.67083007463127 88.67083007463127 88.67083007463127
 5032 131072 214169.403 214169.403 214169.403 6.15918328912744 6.15918328912744 6.15918328912744 98.54693262603904 98.54693262603904 98.54693262603904
 5528 131072 216415.771 216415.771 216415.771 6.696055584599701 6.696055584599701 6.696055584599701 107.13688935359522 107.13688935359522 107.13688935359522
 6080 131072 211173.37 211173.37 211173.37 7.547521356504374 7.547521356504374 7.547521356504374 120.76034170406999 120.76034170406999 120.76034170406999
 6688 131072 216500.259 216500.259 216500.259 8.097999882762265 8.097999882762265 8.097999882762265 129.56799812419624 129.56799812419624 129.56799812419624
 7352 131072 211430.344 211430.344 211430.344 9.115449805066769 9.115449805066769 9.115449805066769 145.8471968810683 145.8471968810683 145.8471968810683
 8080 131072 211233.017 211233.017 211233.017 10.027426346895382 10.027426346895382 10.027426346895382 160.4388215503261 160.4388215503261 160.4388215503261
 8888 65536 107171.455 107171.455 107171.455 10.870132685984341 10.870132685984341 10.870132685984341 173.92212297574946 173.92212297574946 173.92212297574946
 9776 65536 108200.706 108200.706 108200.706 11.842435408878014 11.842435408878014 11.842435408878014 189.47896654204823 189.47896654204823 189.47896654204823
 10752 65536 108226.433 108226.433 108226.433 13.021644573650503 13.021644573650503 13.021644573650503 208.34631317840805 208.34631317840805 208.34631317840805
 11824 65536 105658.333 105658.333 105658.333 14.667989584882058 14.667989584882058 14.667989584882058 234.68783335811293 234.68783335811293 234.68783335811293
 13000 65536 108205.696 108205.696 108205.696 15.747193197666785 15.747193197666785 15.747193197666785 251.95509116266857 251.95509116266857 251.95509116266857
 14296 65536 108245.789 108245.789 108245.789 17.310653183931247 17.310653183931247 17.310653183931247 276.97045094289996 276.97045094289996 276.97045094289996
 15720 65536 108189.697 108189.697 108189.697 19.04480645694016 19.04480645694016 19.04480645694016 304.7169033110426 304.7169033110426 304.7169033110426
 17288 32768 52783.104 52783.104 52783.104 21.4649439335739 21.4649439335739 21.4649439335739 343.4391029371824 343.4391029371824 343.4391029371824
 19016 32768 54086.079 54086.079 54086.079 23.04165136467001 23.04165136467001 23.04165136467001 368.66642183472015 368.66642183472015 368.66642183472015
 20912 32768 52833.794 52833.794 52833.794 25.939625535883337 25.939625535883337 25.939625535883337 415.0340085741334 415.0340085741334 415.0340085741334
 23000 32768 52822.433 52822.433 52822.433 28.53575487520615 28.53575487520615 28.53575487520615 456.5720780032984 456.5720780032984 456.5720780032984
 25296 32768 53735.809 53735.809 53735.809 30.850910907473263 30.850910907473263 30.850910907473263 493.6145745195722 493.6145745195722 493.6145745195722
 27824 32768 54097.954 54097.954 54097.954 33.70688776880545 33.70688776880545 33.70688776880545 539.3102043008872 539.3102043008872 539.3102043008872
 30600 32768 52818.016 52818.016 52818.016 37.96813572096308 37.96813572096308 37.96813572096308 607.4901715354093 607.4901715354093 607.4901715354093
 33656 16384 27055.777 27055.777 27055.777 40.761712664914405 40.761712664914405 40.761712664914405 652.1874026386305 652.1874026386305 652.1874026386305
 37016 16384 26755.327 26755.327 26755.327 45.334534240601876 45.334534240601876 45.334534240601876 725.35254784963 725.35254784963 725.35254784963
 40712 16384 27030.464 27030.464 27030.464 49.35360399288743 49.35360399288743 49.35360399288743 789.6576638861989 789.6576638861989 789.6576638861989
 44776 16384 27077.215 27077.215 27077.215 54.18651689252384 54.18651689252384 54.18651689252384 866.9842702803815 866.9842702803815 866.9842702803815
 49248 16384 27060.16 27060.16 27060.16 59.63595425895486 59.63595425895486 59.63595425895486 954.1752681432778 954.1752681432778 954.1752681432778
 54168 16384 27039.2 27039.2 27039.2 65.64458356756117 65.64458356756117 65.64458356756117 1050.3133370809787 1050.3133370809787 1050.3133370809787
 59584 16384 26843.84 26843.84 26843.84 72.73357731233683 72.73357731233683 72.73357731233683 1163.7372369973893 1163.7372369973893 1163.7372369973893
 65536 16384 26912.928 26912.928 26912.928 79.79375740907865 79.79375740907865 79.79375740907865 1276.7001185452584 1276.7001185452584 1276.7001185452584
 72088 8192 12887.136 12887.136 12887.136 91.64874119431967 91.64874119431967 91.64874119431967 1466.3798591091147 1466.3798591091147 1466.3798591091147
 79296 8192 13225.312 13225.312 13225.312 98.23478372381688 98.23478372381688 98.23478372381688 1571.75653958107 1571.75653958107 1571.75653958107
 87224 8192 12808.736 12808.736 12808.736 111.57057308387026 111.57057308387026 111.57057308387026 1785.1291693419241 1785.1291693419241 1785.1291693419241
 95944 8192 12910.848 12910.848 12910.848 121.75393095790454 121.75393095790454 121.75393095790454 1948.0628953264727 1948.0628953264727 1948.0628953264727
 105536 8192 12958.56 12958.56 12958.56 133.43317652578682 133.43317652578682 133.43317652578682 2134.930824412589 2134.930824412589 2134.930824412589
 116088 8192 15643.104 15643.104 15643.104 121.58621409152559 121.58621409152559 121.58621409152559 1945.3794254644095 1945.3794254644095 1945.3794254644095
 127696 8192 19303.583 19303.583 19303.583 108.38253520084848 108.38253520084848 108.38253520084848 1734.1205632135757 1734.1205632135757 1734.1205632135757
 140464 4096 9352.704 9352.704 9352.704 123.03191547599496 123.03191547599496 123.03191547599496 1968.5106476159194 1968.5106476159194 1968.5106476159194
 154504 4096 10999.2 10999.2 10999.2 115.07171139719252 115.07171139719252 115.07171139719252 1841.1473823550803 1841.1473823550803 1841.1473823550803
 169952 4096 10858.4 10858.4 10858.4 128.218410078833 128.218410078833 128.218410078833 2051.494561261328 2051.494561261328 2051.494561261328
 186944 4096 10871.52 10871.52 10871.52 140.867629181568 140.867629181568 140.867629181568 2253.882066905088 2253.882066905088 2253.882066905088
 205632 4096 11841.248 11841.248 11841.248 142.26011852804703 142.26011852804703 142.26011852804703 2276.1618964487525 2276.1618964487525 2276.1618964487525
 226192 4096 11060.928 11060.928 11060.928 167.5234540899281 167.5234540899281 167.5234540899281 2680.3752654388495 2680.3752654388495 2680.3752654388495
 248808 4096 15745.856 15745.856 15745.856 129.4458132984323 129.4458132984323 129.4458132984323 2071.133012774917 2071.133012774917 2071.133012774917
 273688 2048 7899.232 7899.232 7899.232 141.91582776654744 141.91582776654744 141.91582776654744 2270.653244264759 2270.653244264759 2270.653244264759
 301056 2048 7898.464 7898.464 7898.464 156.12217464053774 156.12217464053774 156.12217464053774 2497.954794248604 2497.954794248604 2497.954794248604
 331160 2048 7896.928 7896.928 7896.928 171.7669655845919 171.7669655845919 171.7669655845919 2748.2714493534704 2748.2714493534704 2748.2714493534704
 364272 2048 10968.928 10968.928 10968.928 136.02588256573478 136.02588256573478 136.02588256573478 2176.4141210517564 2176.4141210517564 2176.4141210517564
 400696 2048 10069.856 10069.856 10069.856 162.9865229453132 162.9865229453132 162.9865229453132 2607.784367125011 2607.784367125011 2607.784367125011
 440760 2048 10124.096 10124.096 10124.096 178.32238651233652 178.32238651233652 178.32238651233652 2853.1581841973843 2853.1581841973843 2853.1581841973843
 484832 2048 12311.2 12311.2 12311.2 161.30611735655336 161.30611735655336 161.30611735655336 2580.8978777048537 2580.8978777048537 2580.8978777048537
 533312 1024 6199.36 6199.36 6199.36 176.18318278015798 176.18318278015798 176.18318278015798 2818.9309244825276 2818.9309244825276 2818.9309244825276
 586640 1024 7213.376 7213.376 7213.376 166.55706287874082 166.55706287874082 166.55706287874082 2664.913006059853 2664.913006059853 2664.913006059853
 645304 1024 7897.792 7897.792 7897.792 167.33570496665394 167.33570496665394 167.33570496665394 2677.371279466463 2677.371279466463 2677.371279466463
 709832 1024 8377.248 8377.248 8377.248 173.53383068043345 173.53383068043345 173.53383068043345 2776.5412908869353 2776.5412908869353 2776.5412908869353
 780808 1024 8397.376 8397.376 8397.376 190.4279127194019 190.4279127194019 190.4279127194019 3046.84660351043 3046.84660351043 3046.84660351043
 858888 1024 9484.448 9484.448 9484.448 185.46178164506782 185.46178164506782 185.46178164506782 2967.388506321085 2967.388506321085 2967.388506321085
 944776 1024 12982.72 12982.72 12982.72 149.03666165487664 149.03666165487664 149.03666165487664 2384.586586478026 2384.586586478026 2384.586586478026
 1039248 1024 14129.088 14129.088 14129.088 150.6381660302491 150.6381660302491 150.6381660302491 2410.2106564839855 2410.2106564839855 2410.2106564839855
 1143168 512 8201.664 8201.664 8201.664 142.72762600369873 142.72762600369873 142.72762600369873 2283.6420160591797 2283.6420160591797 2283.6420160591797
 1257480 512 7665.312 7665.312 7665.312 167.98527183237945 167.98527183237945 167.98527183237945 2687.7643493180713 2687.7643493180713 2687.7643493180713
 1383224 512 8247.616 8247.616 8247.616 171.7370663231654 171.7370663231654 171.7370663231654 2747.7930611706465 2747.7930611706465 2747.7930611706465
 1521544 512 8235.296 8235.296 8235.296 189.19308498443775 189.19308498443775 189.19308498443775 3027.089359751004 3027.089359751004 3027.089359751004
 1673696 512 8812.032 8812.032 8812.032 194.4914298994829 194.4914298994829 194.4914298994829 3111.8628783917266 3111.8628783917266 3111.8628783917266
 1841064 512 10516.416 10516.416 10516.416 179.2673032333449 179.2673032333449 179.2673032333449 2868.2768517335185 2868.2768517335185 2868.2768517335185
 2025168 512 12017.408 12017.408 12017.408 172.5640031527597 172.5640031527597 172.5640031527597 2761.0240504441554 2761.0240504441554 2761.0240504441554
 2227680 256 6143.168 6143.168 6143.168 185.6651421546668 185.6651421546668 185.6651421546668 2970.6422744746687 2970.6422744746687 2970.6422744746687
 2450448 256 6995.936 6995.936 6995.936 179.3368858720263 179.3368858720263 179.3368858720263 2869.390173952421 2869.390173952421 2869.390173952421
 2695488 256 8179.872 8179.872 8179.872 168.71778140293637 168.71778140293637 168.71778140293637 2699.484502446982 2699.484502446982 2699.484502446982
 2965032 256 7880.992 7880.992 7880.992 192.62757581786659 192.62757581786659 192.62757581786659 3082.0412130858654 3082.0412130858654 3082.0412130858654
 3261528 256 9043.424 9043.424 9043.424 184.6537700764666 184.6537700764666 184.6537700764666 2954.4603212234656 2954.4603212234656 2954.4603212234656
 3587680 256 11737.088 11737.088 11737.088 156.50322805793056 156.50322805793056 156.50322805793056 2504.051648926889 2504.051648926889 2504.051648926889
 3946448 256 11361.024 11361.024 11361.024 177.8520471394128 177.8520471394128 177.8520471394128 2845.632754230605 2845.632754230605 2845.632754230605
 4341088 128 5685.792 5685.792 5685.792 195.45536101215097 195.45536101215097 195.45536101215097 3127.2857761944156 3127.2857761944156 3127.2857761944156
 4775192 128 6697.536 6697.536 6697.536 182.5222219036971 182.5222219036971 182.5222219036971 2920.3555504591536 2920.3555504591536 2920.3555504591536
 5252704 128 7562.976 7562.976 7562.976 177.79935094333237 177.79935094333237 177.79935094333237 2844.789615093318 2844.789615093318 2844.789615093318
 5777968 128 7704.512 7704.512 7704.512 191.98617745030444 191.98617745030444 191.98617745030444 3071.778839204871 3071.778839204871 3071.778839204871
 6355760 128 10457.472 10457.472 10457.472 155.5896645001775 155.5896645001775 155.5896645001775 2489.43463200284 2489.43463200284 2489.43463200284
 6991336 128 9887.392 9887.392 9887.392 181.01659325330684 181.01659325330684 181.01659325330684 2896.2654920529094 2896.2654920529094 2896.2654920529094
 7690464 128 11338.432 11338.432 11338.432 173.63589462811083 173.63589462811083 173.63589462811083 2778.1743140497733 2778.1743140497733 2778.1743140497733
 8459504 64 6035.68 6035.68 6035.68 179.40257137555338 179.40257137555338 179.40257137555338 2870.441142008854 2870.441142008854 2870.441142008854
 9305448 64 6689.856 6689.856 6689.856 178.0452888672043 178.0452888672043 178.0452888672043 2848.724621875269 2848.724621875269 2848.724621875269
 10235992 64 7408.16 7408.16 7408.16 176.85997278676487 176.85997278676487 176.85997278676487 2829.759564588238 2829.759564588238 2829.759564588238
 11259584 64 9758.336 9758.336 9758.336 147.69185566063723 147.69185566063723 147.69185566063723 2363.0696905701957 2363.0696905701957 2363.0696905701957
 12385536 64 8866.624 8866.624 8866.624 178.79957557690506 178.79957557690506 178.79957557690506 2860.793209230481 2860.793209230481 2860.793209230481
 13624088 64 9738.88 9738.88 9738.88 179.0640467897746 179.0640467897746 179.0640467897746 2865.0247486363937 2865.0247486363937 2865.0247486363937
 14986496 64 10760.032 10760.032 10760.032 178.27748913757878 178.27748913757878 178.27748913757878 2852.4398262012605 2852.4398262012605 2852.4398262012605
 16485144 64 12645.568 12645.568 12645.568 166.8646621488256 166.8646621488256 166.8646621488256 2669.8345943812096 2669.8345943812096 2669.8345943812096
 18133656 32 6559.744 6559.744 6559.744 176.92062129253827 176.92062129253827 176.92062129253827 2830.7299406806123 2830.7299406806123 2830.7299406806123
 19947016 32 8779.808 8779.808 8779.808 145.4028406999333 145.4028406999333 145.4028406999333 2326.445451198933 2326.445451198933 2326.445451198933
 21941712 32 7895.36 7895.36 7895.36 177.8601061889515 177.8601061889515 177.8601061889515 2845.761699023224 2845.761699023224 2845.761699023224
 24135880 32 9305.632 9305.632 9305.632 165.99585283406867 165.99585283406867 165.99585283406867 2655.9336453450987 2655.9336453450987 2655.9336453450987
 26549464 32 10963.968 10963.968 10963.968 154.977257868684 154.977257868684 154.977257868684 2479.636125898944 2479.636125898944 2479.636125898944
 29204408 32 11308.832 11308.832 11308.832 165.2763178372444 165.2763178372444 165.2763178372444 2644.4210853959103 2644.4210853959103 2644.4210853959103
 32124848 32 11565.44 11565.44 11565.44 177.77017320568865 177.77017320568865 177.77017320568865 2844.3227712910184 2844.3227712910184 2844.3227712910184
 35337328 16 7773.568 7773.568 7773.568 145.46659860697173 145.46659860697173 145.46659860697173 2327.4655777115477 2327.4655777115477 2327.4655777115477
 38871056 16 7524.864 7524.864 7524.864 165.30183030550455 165.30183030550455 165.30183030550455 2644.829284888073 2644.829284888073 2644.829284888073
 42758160 16 8278.56 8278.56 8278.56 165.27767147909785 165.27767147909785 165.27767147909785 2644.4427436655656 2644.4427436655656 2644.4427436655656
 47033976 16 9164.96 9164.96 9164.96 164.22190953370227 164.22190953370227 164.22190953370227 2627.5505525392364 2627.5505525392364 2627.5505525392364
 51737368 16 10015.584 10015.584 10015.584 165.30197100838052 165.30197100838052 165.30197100838052 2644.8315361340883 2644.8315361340883 2644.8315361340883
 56911104 16 11029.184 11029.184 11029.184 165.12149294091023 165.12149294091023 165.12149294091023 2641.9438870545637 2641.9438870545637 2641.9438870545637
 62602208 16 13783.456 13783.456 13783.456 145.33877831510475 145.33877831510475 145.33877831510475 2325.420453041676 2325.420453041676 2325.420453041676
 68862424 8 6681.056 6681.056 6681.056 164.91386750836995 164.91386750836995 164.91386750836995 2638.621880133919 2638.621880133919 2638.621880133919
 75748664 8 7323.648 7323.648 7323.648 165.48837737695746 165.48837737695746 165.48837737695746 2647.8140380313193 2647.8140380313193 2647.8140380313193
 83323528 8 8080.864 8080.864 8080.864 164.979443782249 164.979443782249 164.979443782249 2639.671100515984 2639.671100515984 2639.671100515984
 91655880 8 8906.08 8906.08 8906.08 164.66212744552035 164.66212744552035 164.66212744552035 2634.5940391283257 2634.5940391283257 2634.5940391283257
 100821464 8 9800.96 9800.96 9800.96 164.59034870053546 164.59034870053546 164.59034870053546 2633.4455792085673 2633.4455792085673 2633.4455792085673
 110903608 8 10764.384 10764.384 10764.384 164.8452645316258 164.8452645316258 164.8452645316258 2637.5242325060126 2637.5242325060126 2637.5242325060126
 121993968 8 11843.072 11843.072 11843.072 164.8139509748822 164.8139509748822 164.8139509748822 2637.0232155981153 2637.0232155981153 2637.0232155981153
 134193360 8 13038.784 13038.784 13038.784 164.66978515787977 164.66978515787977 164.66978515787977 2634.7165625260764 2634.7165625260764 2634.7165625260764
 147612696 4 7167.008 7167.008 7167.008 164.76911536864475 164.76911536864475 164.76911536864475 2636.305845898316 2636.305845898316 2636.305845898316
 162373960 4 7358.784 7358.784 7358.784 176.52259938598553 176.52259938598553 176.52259938598553 2824.3615901757685 2824.3615901757685 2824.3615901757685
 178611352 4 9157.76 9157.76 9157.76 156.0306031169194 156.0306031169194 156.0306031169194 2496.4896498707103 2496.4896498707103 2496.4896498707103
 196472480 4 9532.736 9532.736 9532.736 164.88234227822946 164.88234227822946 164.88234227822946 2638.1174764516713 2638.1174764516713 2638.1174764516713
 216119728 4 10517.824 10517.824 10517.824 164.38360482168176 164.38360482168176 164.38360482168176 2630.137677146908 2630.137677146908 2630.137677146908
 237731696 4 11562.368 11562.368 11562.368 164.48651072167917 164.48651072167917 164.48651072167917 2631.7841715468667 2631.7841715468667 2631.7841715468667
 261504864 4 12697.92 12697.92 12697.92 164.75445679292358 164.75445679292358 164.75445679292358 2636.0713086867772 2636.0713086867772 2636.0713086867772
 287655344 2 7506.144 7506.144 7506.144 153.29060780075628 153.29060780075628 153.29060780075628 2452.6497248121004 2452.6497248121004 2452.6497248121004
 316420872 2 7703.424 7703.424 7703.424 164.30141817456757 164.30141817456757 164.30141817456757 2628.822690793081 2628.822690793081 2628.822690793081
 348062952 2 8466.976 8466.976 8466.976 164.43318228373386 164.43318228373386 164.43318228373386 2630.9309165397417 2630.9309165397417 2630.9309165397417
 382869240 2 9315.04 9315.04 9315.04 164.40905889829781 164.40905889829781 164.40905889829781 2630.544942372765 2630.544942372765 2630.544942372765
 421156160 2 9522.72 9522.72 9522.72 176.9058252264059 176.9058252264059 176.9058252264059 2830.4932036224945 2830.4932036224945 2830.4932036224945
 463271776 2 12716.672 12716.672 12716.672 145.7210741929964 145.7210741929964 145.7210741929964 2331.5371870879426 2331.5371870879426 2331.5371870879426
 509598952 2 12382.464 12382.464 12382.464 164.61956263309148 164.61956263309148 164.61956263309148 2633.9130021294636 2633.9130021294636 2633.9130021294636
 560558840 1 6841.856 6841.856 6841.856 163.8616305283245 163.8616305283245 163.8616305283245 2621.786088453192 2621.786088453192 2621.786088453192
 616614720 1 7512.448 7512.448 7512.448 164.1581332742669 164.1581332742669 164.1581332742669 2626.5301323882704 2626.5301323882704 2626.5301323882704
 678276192 1 9382.56 9382.56 9382.56 144.58232976927405 144.58232976927405 144.58232976927405 2313.317276308385 2313.317276308385 2313.317276308385
 746103808 1 9080.224 9080.224 9080.224 164.3359917112177 164.3359917112177 164.3359917112177 2629.375867379483 2629.375867379483 2629.375867379483
 820714184 1 9995.904 9995.904 9995.904 164.210097255836 164.210097255836 164.210097255836 2627.361556093376 2627.361556093376 2627.361556093376
 902785600 1 9948.096 9948.096 9948.096 181.49917330914377 181.49917330914377 181.49917330914377 2903.9867729463003 2903.9867729463003 2903.9867729463003
 993064160 1 10942.24 10942.24 10942.24 181.51021363084706 181.51021363084706 181.51021363084706 2904.163418093553 2904.163418093553 2904.163418093553
 
META_DATA
 FLOPS          256
 GPU_BLOCKS     640
 GPU_THREADS    256
 ERT_VERSION  1.1.0
 HOSTNAME  ('kp361.kingspeak.peaks', ['kp361'], ['10.242.2.107'])
 UNAME  uname_result(system='Linux', node='kp361', release='3.10.0-957.27.2.el7.x86_64', version='#1 SMP Mon Jul 29 17:46:05 UTC 2019', machine='x86_64', processor='x86_64')
 TIMESTAMP_DATA  1617136589.591157
 CONFIG  {'ERT_RESULTS': ['Results/Results.kingspeak-p100-gpu.01'], 'ERT_DRIVER': ['driver1'], 'ERT_KERNEL': ['kernel1'], 'ERT_GPU': ['True'], 'ERT_GPU_CFLAGS': ['-x', 'cu', '-arch=sm_60'], 'ERT_GPU_LDFLAGS': [], 'ERT_FLOPS': ['1,64,256,512,1024'], 'ERT_ALIGN': ['32'], 'ERT_CC': ['nvcc'], 'ERT_CFLAGS': ['-O3', '-std=c++11'], 'ERT_LD': ['nvcc'], 'ERT_LDFLAGS': [], 'ERT_LDLIBS': [], 'ERT_RUN': ['srun', '-n', '1', './ERT_CODE'], 'ERT_PRECISION': ['FP64'], 'ERT_BLOCKS_THREADS': ['163840'], 'ERT_GPU_BLOCKS': ['160,320,640,1280,2560'], 'ERT_GPU_THREADS': ['1024,512,256,128,64'], 'ERT_NUM_EXPERIMENTS': ['1'], 'ERT_MEMORY_MAX': ['1073741824'], 'ERT_WORKING_SET_MIN': ['128'], 'ERT_TRIALS_MIN': ['1'], 'ERT_GNUPLOT': ['gnuplot'], 'ERT_MPI': [False], 'ERT_OPENMP': [False], 'ERT_HIP': [False], 'ERT_OCL': [False], 'ERT_SYCL': [False], 'ERT_WSS_MULT': [1.1]}
 