fp64
 1024 1048576 1044285.278 1044285.278 1044285.278 2.056414749150567 2.056414749150567 2.056414749150567 8.225658996602268 8.225658996602268 8.225658996602268
 1120 524288 500576.355 500576.355 500576.355 2.346105860313758 2.346105860313758 2.346105860313758 9.384423441255032 9.384423441255032 9.384423441255032
 1232 524288 521741.211 521741.211 521741.211 2.476027587554321 2.476027587554321 2.476027587554321 9.904110350217284 9.904110350217284 9.904110350217284
 1352 524288 532538.574 532538.574 532538.574 2.6621071622128163 2.6621071622128163 2.6621071622128163 10.648428648851265 10.648428648851265 10.648428648851265
 1480 524288 513351.196 513351.196 513351.196 3.0230619741265783 3.0230619741265783 3.0230619741265783 12.092247896506313 12.092247896506313 12.092247896506313
 1624 524288 523000.977 523000.977 523000.977 3.2559928162428653 3.2559928162428653 3.2559928162428653 13.023971264971461 13.023971264971461 13.023971264971461
 1784 524288 533403.687 533403.687 533403.687 3.507024097491849 3.507024097491849 3.507024097491849 14.028096389967397 14.028096389967397 14.028096389967397
 1960 524288 532679.016 532679.016 532679.016 3.858250275058705 3.858250275058705 3.858250275058705 15.43300110023482 15.43300110023482 15.43300110023482
 2152 262144 261019.958 261019.958 261019.958 4.322534509027849 4.322534509027849 4.322534509027849 17.290138036111397 17.290138036111397 17.290138036111397
 2360 262144 261012.573 261012.573 261012.573 4.740460069714725 4.740460069714725 4.740460069714725 18.9618402788589 18.9618402788589 18.9618402788589
 2592 262144 258469.543 258469.543 258469.543 5.257696826585096 5.257696826585096 5.257696826585096 21.030787306340383 21.030787306340383 21.030787306340383
 2848 262144 261046.844 261046.844 261046.844 5.719939766825911 5.719939766825911 5.719939766825911 22.879759067303645 22.879759067303645 22.879759067303645
 3128 262144 266236.572 266236.572 266236.572 6.159833157707574 6.159833157707574 6.159833157707574 24.639332630830296 24.639332630830296 24.639332630830296
 3440 262144 266065.369 266065.369 266065.369 6.778600036444428 6.778600036444428 6.778600036444428 27.11440014577771 27.11440014577771 27.11440014577771
 3784 262144 262763.092 262763.092 262763.092 7.550169153893195 7.550169153893195 7.550169153893195 30.20067661557278 30.20067661557278 30.20067661557278
 4160 131072 131355.133 131355.133 131355.133 8.302066429333978 8.302066429333978 8.302066429333978 33.20826571733591 33.20826571733591 33.20826571733591
 4576 131072 132174.332 132174.332 132174.332 9.075672453559289 9.075672453559289 9.075672453559289 36.302689814237155 36.302689814237155 36.302689814237155
 5032 131072 133195.74 133195.74 133195.74 9.903534512440114 9.903534512440114 9.903534512440114 39.614138049760456 39.614138049760456 39.614138049760456
 5528 131072 130538.3 130538.3 130538.3 11.101201961416688 11.101201961416688 11.101201961416688 44.40480784566675 44.40480784566675 44.40480784566675
 6080 131072 131561.34 131561.34 131561.34 12.114771102209813 12.114771102209813 12.114771102209813 48.45908440883925 48.45908440883925 48.45908440883925
 6688 131072 130493.256 130493.256 130493.256 13.435323217009774 13.435323217009774 13.435323217009774 53.741292868039096 53.741292868039096 53.741292868039096
 7352 131072 133106.659 133106.659 133106.659 14.47923569323455 14.47923569323455 14.47923569323455 57.9169427729382 57.9169427729382 57.9169427729382
 8080 131072 133187.271 133187.271 133187.271 15.903348000876152 15.903348000876152 15.903348000876152 63.61339200350461 63.61339200350461 63.61339200350461
 8888 65536 64884.995 64884.995 64884.995 17.954350401044188 17.954350401044188 17.954350401044188 71.81740160417675 71.81740160417675 71.81740160417675
 9776 65536 65943.97 65943.97 65943.97 19.43103928986987 19.43103928986987 19.43103928986987 77.72415715947947 77.72415715947947 77.72415715947947
 10752 65536 65383.713 65383.713 65383.713 21.554085556444306 21.554085556444306 21.554085556444306 86.21634222577723 86.21634222577723 86.21634222577723
 11824 65536 65241.089 65241.089 65241.089 23.754896672555542 23.754896672555542 23.754896672555542 95.01958669022217 95.01958669022217 95.01958669022217
 13000 65536 66484.413 66484.413 66484.413 25.62910497532707 25.62910497532707 25.62910497532707 102.51641990130828 102.51641990130828 102.51641990130828
 14296 65536 65160.385 65160.385 65160.385 28.756817689152694 28.756817689152694 28.756817689152694 115.02727075661078 115.02727075661078 115.02727075661078
 15720 65536 65172.768 65172.768 65172.768 31.615226776926217 31.615226776926217 31.615226776926217 126.46090710770487 126.46090710770487 126.46090710770487
 17288 32768 33258.049 33258.049 33258.049 34.066531322988915 34.066531322988915 34.066531322988915 136.26612529195566 136.26612529195566 136.26612529195566
 19016 32768 33109.535 33109.535 33109.535 37.639688265026976 37.639688265026976 37.639688265026976 150.5587530601079 150.5587530601079 150.5587530601079
 20912 32768 32948.673 32948.673 32948.673 41.59465942679997 41.59465942679997 41.59465942679997 166.37863770719989 166.37863770719989 166.37863770719989
 23000 32768 33309.345 33309.345 33309.345 45.25240589390154 45.25240589390154 45.25240589390154 181.00962357560616 181.00962357560616 181.00962357560616
 25296 32768 33062.366 33062.366 33062.366 50.141561435742375 50.141561435742375 50.141561435742375 200.5662457429695 200.5662457429695 200.5662457429695
 27824 32768 32966.145 32966.145 32966.145 55.31352434444489 55.31352434444489 55.31352434444489 221.25409737777957 221.25409737777957 221.25409737777957
 30600 32768 33215.359 33215.359 33215.359 60.37573160055262 60.37573160055262 60.37573160055262 241.50292640221048 241.50292640221048 241.50292640221048
 33656 16384 15766.912 15766.912 15766.912 69.94646814797976 69.94646814797976 69.94646814797976 279.78587259191903 279.78587259191903 279.78587259191903
 37016 16384 15622.976 15622.976 15622.976 77.63823537845798 77.63823537845798 77.63823537845798 310.5529415138319 310.5529415138319 310.5529415138319
 40712 16384 15138.944 15138.944 15138.944 88.1204670550337 88.1204670550337 88.1204670550337 352.4818682201348 352.4818682201348 352.4818682201348
 44776 16384 15031.68 15031.68 15031.68 97.60851534891641 97.60851534891641 97.60851534891641 390.43406139566565 390.43406139566565 390.43406139566565
 49248 16384 15139.072 15139.072 15139.072 106.59560004734769 106.59560004734769 106.59560004734769 426.38240018939075 426.38240018939075 426.38240018939075
 54168 16384 14691.616 14691.616 14691.616 120.81564233641828 120.81564233641828 120.81564233641828 483.2625693456731 483.2625693456731 483.2625693456731
 59584 16384 15316.448 15316.448 15316.448 127.47397516708834 127.47397516708834 127.47397516708834 509.89590066835336 509.89590066835336 509.89590066835336
 65536 16384 15243.968 15243.968 15243.968 140.8743214365184 140.8743214365184 140.8743214365184 563.4972857460735 563.4972857460735 563.4972857460735
 72088 8192 7517.6 7517.6 7517.6 157.10995424071513 157.10995424071513 157.10995424071513 628.4398169628605 628.4398169628605 628.4398169628605
 79296 8192 7831.296 7831.296 7831.296 165.8966362655683 165.8966362655683 165.8966362655683 663.5865450622732 663.5865450622732 663.5865450622732
 87224 8192 7798.176 7798.176 7798.176 183.2579844312311 183.2579844312311 183.2579844312311 733.0319377249244 733.0319377249244 733.0319377249244
 95944 8192 7846.272 7846.272 7846.272 200.34310510775055 200.34310510775055 200.34310510775055 801.3724204310022 801.3724204310022 801.3724204310022
 105536 8192 7835.36 7835.36 7835.36 220.67930816197344 220.67930816197344 220.67930816197344 882.7172326478938 882.7172326478938 882.7172326478938
 116088 8192 7456.608 7456.608 7456.608 255.07386092979544 255.07386092979544 255.07386092979544 1020.2954437191818 1020.2954437191818 1020.2954437191818
 127696 8192 7645.76 7645.76 7645.76 273.63810321014523 273.63810321014523 273.63810321014523 1094.552412840581 1094.552412840581 1094.552412840581
 140464 4096 3760.48 3760.48 3760.48 305.9931413011105 305.9931413011105 305.9931413011105 1223.972565204442 1223.972565204442 1223.972565204442
 154504 4096 3738.688 3738.688 3738.688 338.54035640310184 338.54035640310184 338.54035640310184 1354.1614256124074 1354.1614256124074 1354.1614256124074
 169952 4096 3719.904 3719.904 3719.904 374.26954674099113 374.26954674099113 374.26954674099113 1497.0781869639645 1497.0781869639645 1497.0781869639645
 186944 4096 3935.648 3935.648 3935.648 389.1214986706128 389.1214986706128 389.1214986706128 1556.4859946824513 1556.4859946824513 1556.4859946824513
 205632 4096 3918.08 3918.08 3918.08 429.9394968964391 429.9394968964391 429.9394968964391 1719.7579875857564 1719.7579875857564 1719.7579875857564
 226192 4096 3930.816 3930.816 3930.816 471.3944544847686 471.3944544847686 471.3944544847686 1885.5778179390743 1885.5778179390743 1885.5778179390743
 248808 4096 4541.408 4541.408 4541.408 448.8112796736166 448.8112796736166 448.8112796736166 1795.2451186944663 1795.2451186944663 1795.2451186944663
 273688 2048 2331.968 2331.968 2331.968 480.721025331394 480.721025331394 480.721025331394 1922.884101325576 1922.884101325576 1922.884101325576
 301056 2048 2589.152 2589.152 2589.152 476.266119563471 476.266119563471 476.266119563471 1905.064478253884 1905.064478253884 1905.064478253884
 331160 2048 2583.04 2583.04 2583.04 525.1298315163529 525.1298315163529 525.1298315163529 2100.5193260654114 2100.5193260654114 2100.5193260654114
 364272 2048 2837.12 2837.12 2837.12 525.9058876607264 525.9058876607264 525.9058876607264 2103.6235506429057 2103.6235506429057 2103.6235506429057
 400696 2048 2891.296 2891.296 2891.296 567.6522971013691 567.6522971013691 567.6522971013691 2270.6091884054763 2270.6091884054763 2270.6091884054763
 440760 2048 3132.8 3132.8 3132.8 576.2745658835546 576.2745658835546 576.2745658835546 2305.0982635342184 2305.0982635342184 2305.0982635342184
 484832 2048 3362.624 3362.624 3362.624 590.5720865609715 590.5720865609715 590.5720865609715 2362.288346243886 2362.288346243886 2362.288346243886
 533312 1024 1803.584 1803.584 1803.584 605.5847556864554 605.5847556864554 605.5847556864554 2422.3390227458217 2422.3390227458217 2422.3390227458217
 586640 1024 1915.552 1915.552 1915.552 627.2023521157349 627.2023521157349 627.2023521157349 2508.8094084629397 2508.8094084629397 2508.8094084629397
 645304 1024 2037.28 2037.28 2037.28 648.6995366370847 648.6995366370847 648.6995366370847 2594.798146548339 2594.798146548339 2594.798146548339
 709832 1024 2196.8 2196.8 2196.8 661.751609613984 661.751609613984 661.751609613984 2647.006438455936 2647.006438455936 2647.006438455936
 780808 1024 2336.832 2336.832 2336.832 684.3002766138088 684.3002766138088 684.3002766138088 2737.2011064552353 2737.2011064552353 2737.2011064552353
 858888 1024 2547.456 2547.456 2547.456 690.4938197166114 690.4938197166114 690.4938197166114 2761.9752788664455 2761.9752788664455 2761.9752788664455
 944776 1024 3168.064 3168.064 3168.064 610.7519444051636 610.7519444051636 610.7519444051636 2443.0077776206545 2443.0077776206545 2443.0077776206545
 1039248 1024 3173.248 3173.248 3173.248 670.7259892702997 670.7259892702997 670.7259892702997 2682.9039570811988 2682.9039570811988 2682.9039570811988
 1143168 512 1697.248 1697.248 1697.248 689.7071211749844 689.7071211749844 689.7071211749844 2758.8284846999377 2758.8284846999377 2758.8284846999377
 1257480 512 1865.472 1865.472 1865.472 690.2593659942363 690.2593659942363 690.2593659942363 2761.037463976945 2761.037463976945 2761.037463976945
 1383224 512 2010.976 2010.976 2010.976 704.3452413156596 704.3452413156596 704.3452413156596 2817.3809652626383 2817.3809652626383 2817.3809652626383
 1521544 512 2162.976 2162.976 2162.976 720.3321053955292 720.3321053955292 720.3321053955292 2881.328421582117 2881.328421582117 2881.328421582117
 1673696 512 2423.136 2423.136 2423.136 707.2919984681008 707.2919984681008 707.2919984681008 2829.1679938724033 2829.1679938724033 2829.1679938724033
 1841064 512 2829.248 2829.248 2829.248 666.3429773565272 666.3429773565272 666.3429773565272 2665.3719094261087 2665.3719094261087 2665.3719094261087
 2025168 512 3069.536 3069.536 3069.536 675.5978858042388 675.5978858042388 675.5978858042388 2702.391543216955 2702.391543216955 2702.391543216955
 2227680 256 1539.968 1539.968 1539.968 740.6466627877982 740.6466627877982 740.6466627877982 2962.5866511511927 2962.5866511511927 2962.5866511511927
 2450448 256 1714.56 1714.56 1714.56 731.7500559910414 731.7500559910414 731.7500559910414 2927.000223964166 2927.000223964166 2927.000223964166
 2695488 256 1949.632 1949.632 1949.632 707.871975839543 707.871975839543 707.871975839543 2831.487903358172 2831.487903358172 2831.487903358172
 2965032 256 2176.256 2176.256 2176.256 697.5725208798965 697.5725208798965 697.5725208798965 2790.290083519586 2790.290083519586 2790.290083519586
 3261528 256 2280.96 2280.96 2280.96 732.1050505050506 732.1050505050506 732.1050505050506 2928.4202020202024 2928.4202020202024 2928.4202020202024
 3587680 256 2476.608 2476.608 2476.608 741.6967723596143 741.6967723596143 741.6967723596143 2966.7870894384573 2966.7870894384573 2966.7870894384573
 3946448 256 2691.008 2691.008 2691.008 750.8641282374485 750.8641282374485 750.8641282374485 3003.456512949794 3003.456512949794 3003.456512949794
 4341088 128 1518.56 1518.56 1518.56 731.8239173954272 731.8239173954272 731.8239173954272 2927.295669581709 2927.295669581709 2927.295669581709
 4775192 128 1651.552 1651.552 1651.552 740.1820542132492 740.1820542132492 740.1820542132492 2960.728216852997 2960.728216852997 2960.728216852997
 5252704 128 1863.584 1863.584 1863.584 721.562443120353 721.562443120353 721.562443120353 2886.249772481412 2886.249772481412 2886.249772481412
 5777968 128 2013.536 2013.536 2013.536 734.6080765379908 734.6080765379908 734.6080765379908 2938.432306151963 2938.432306151963 2938.432306151963
 6355760 128 2228.352 2228.352 2228.352 730.1694525819979 730.1694525819979 730.1694525819979 2920.6778103279917 2920.6778103279917 2920.6778103279917
 6991336 128 2717.76 2717.76 2717.76 658.5504297656894 658.5504297656894 658.5504297656894 2634.2017190627575 2634.2017190627575 2634.2017190627575
 7690464 128 4195.424 4195.424 4195.424 469.26336503771734 469.26336503771734 469.26336503771734 1877.0534601508693 1877.0534601508693 1877.0534601508693
 8459504 64 2254.56 2254.56 2254.56 480.27841884891063 480.27841884891063 480.27841884891063 1921.1136753956425 1921.1136753956425 1921.1136753956425
 9305448 64 2543.712 2543.712 2543.712 468.2516511303166 468.2516511303166 468.2516511303166 1873.0066045212664 1873.0066045212664 1873.0066045212664
 10235992 64 2891.68 2891.68 2891.68 453.0954241133182 453.0954241133182 453.0954241133182 1812.3816964532728 1812.3816964532728 1812.3816964532728
 11259584 64 3108.096 3108.096 3108.096 463.70084836504407 463.70084836504407 463.70084836504407 1854.8033934601763 1854.8033934601763 1854.8033934601763
 12385536 64 3408.352 3408.352 3408.352 465.136408446076 465.136408446076 465.136408446076 1860.545633784304 1860.545633784304 1860.545633784304
 13624088 64 3767.744 3767.744 3767.744 462.8454757011092 462.8454757011092 462.8454757011092 1851.3819028044368 1851.3819028044368 1851.3819028044368
 14986496 64 4123.936 4123.936 4123.936 465.1554941686777 465.1554941686777 465.1554941686777 1860.6219766747108 1860.6219766747108 1860.6219766747108
 16485144 64 4480.512 4480.512 4480.512 470.9502913952691 470.9502913952691 470.9502913952691 1883.8011655810765 1883.8011655810765 1883.8011655810765
 18133656 32 2509.248 2509.248 2509.248 462.5106741143164 462.5106741143164 462.5106741143164 1850.0426964572655 1850.0426964572655 1850.0426964572655
 19947016 32 2730.816 2730.816 2730.816 467.4826220441071 467.4826220441071 467.4826220441071 1869.9304881764283 1869.9304881764283 1869.9304881764283
 21941712 32 3136.704 3136.704 3136.704 447.6895390830629 447.6895390830629 447.6895390830629 1790.7581563322517 1790.7581563322517 1790.7581563322517
 24135880 32 3323.456 3323.456 3323.456 464.78615032063004 464.78615032063004 464.78615032063004 1859.1446012825202 1859.1446012825202 1859.1446012825202
 26549464 32 3660.48 3660.48 3660.48 464.1920447591573 464.1920447591573 464.1920447591573 1856.7681790366291 1856.7681790366291 1856.7681790366291
 29204408 32 4063.904 4063.904 4063.904 459.9228013260156 459.9228013260156 459.9228013260156 1839.6912053040624 1839.6912053040624 1839.6912053040624
 32124848 32 4466.976 4466.976 4466.976 460.2644545213586 460.2644545213586 460.2644545213586 1841.0578180854343 1841.0578180854343 1841.0578180854343
 35337328 16 2507.936 2507.936 2507.936 450.886504280811 450.886504280811 450.886504280811 1803.546017123244 1803.546017123244 1803.546017123244
 38871056 16 2878.304 2878.304 2878.304 432.1551135668783 432.1551135668783 432.1551135668783 1728.6204542675132 1728.6204542675132 1728.6204542675132
 42758160 16 2959.136 2959.136 2959.136 462.3853449114877 462.3853449114877 462.3853449114877 1849.5413796459509 1849.5413796459509 1849.5413796459509
 47033976 16 3289.312 3289.312 3289.312 457.5690089599284 457.5690089599284 457.5690089599284 1830.2760358397136 1830.2760358397136 1830.2760358397136
 51737368 16 3606.752 3606.752 3606.752 459.02678531820317 459.02678531820317 459.02678531820317 1836.1071412728127 1836.1071412728127 1836.1071412728127
 56911104 16 3956.928 3956.928 3956.928 460.2447474404386 460.2447474404386 460.2447474404386 1840.9789897617543 1840.9789897617543 1840.9789897617543
 62602208 16 4454.592 4454.592 4454.592 449.7091217332587 449.7091217332587 449.7091217332587 1798.8364869330348 1798.8364869330348 1798.8364869330348
 68862424 8 2519.84 2519.84 2519.84 437.2495015556543 437.2495015556543 437.2495015556543 1748.9980062226173 1748.9980062226173 1748.9980062226173
 75748664 8 2645.856 2645.856 2645.856 458.0667368140971 458.0667368140971 458.0667368140971 1832.2669472563884 1832.2669472563884 1832.2669472563884
 83323528 8 2915.04 2915.04 2915.04 457.34413524342716 457.34413524342716 457.34413524342716 1829.3765409737086 1829.3765409737086 1829.3765409737086
 91655880 8 3230.24 3230.24 3230.24 453.98920204071527 453.98920204071527 453.98920204071527 1815.956808162861 1815.956808162861 1815.956808162861
 100821464 8 3549.664 3549.664 3549.664 454.449611005436 454.449611005436 454.449611005436 1817.798444021744 1817.798444021744 1817.798444021744
 110903608 8 3899.232 3899.232 3899.232 455.0787765385594 455.0787765385594 455.0787765385594 1820.3151061542376 1820.3151061542376 1820.3151061542376
 121993968 8 4285.44 4285.44 4285.44 455.47329749103943 455.47329749103943 455.47329749103943 1821.8931899641577 1821.8931899641577 1821.8931899641577
 134193360 8 4720.864 4720.864 4720.864 454.8094924996781 454.8094924996781 454.8094924996781 1819.2379699987123 1819.2379699987123 1819.2379699987123
 147612696 4 2613.024 2613.024 2613.024 451.9290936478195 451.9290936478195 451.9290936478195 1807.716374591278 1807.716374591278 1807.716374591278
 162373960 4 2859.776 2859.776 2859.776 454.2284710410886 454.2284710410886 454.2284710410886 1816.9138841643544 1816.9138841643544 1816.9138841643544
 178611352 4 3150.624 3150.624 3150.624 453.52629066496036 453.52629066496036 453.52629066496036 1814.1051626598414 1814.1051626598414 1814.1051626598414
 196472480 4 3518.464 3518.464 3518.464 446.72329743888247 446.72329743888247 446.72329743888247 1786.8931897555299 1786.8931897555299 1786.8931897555299
 216119728 4 4055.936 4055.936 4055.936 426.278379146022 426.278379146022 426.278379146022 1705.113516584088 1705.113516584088 1705.113516584088
 237731696 4 4367.424 4367.424 4367.424 435.46346038305416 435.46346038305416 435.46346038305416 1741.8538415322166 1741.8538415322166 1741.8538415322166
 261504864 4 4873.856 4873.856 4873.856 429.2369146728996 429.2369146728996 429.2369146728996 1716.9476586915985 1716.9476586915985 1716.9476586915985
 287655344 2 2810.944 2810.944 2810.944 409.3362856036975 409.3362856036975 409.3362856036975 1637.34514241479 1637.34514241479 1637.34514241479
 316420872 2 2958.976 2958.976 2958.976 427.74374918890857 427.74374918890857 427.74374918890857 1710.9749967556343 1710.9749967556343 1710.9749967556343
 348062952 2 3173.12 3173.12 3173.12 438.7643102057281 438.7643102057281 438.7643102057281 1755.0572408229125 1755.0572408229125 1755.0572408229125
 382869240 2 3504.544 3504.544 3504.544 436.997498105317 436.997498105317 436.997498105317 1747.989992421268 1747.989992421268 1747.989992421268
 421156160 2 3845.6 3845.6 3845.6 438.0654878302476 438.0654878302476 438.0654878302476 1752.2619513209904 1752.2619513209904 1752.2619513209904
 463271776 2 4214.112 4214.112 4214.112 439.7337099725874 439.7337099725874 439.7337099725874 1758.9348398903496 1758.9348398903496 1758.9348398903496
 509598952 2 4714.304 4714.304 4714.304 432.38531244484875 432.38531244484875 432.38531244484875 1729.541249779395 1729.541249779395 1729.541249779395
 560558840 1 2585.216 2585.216 2585.216 433.6649935634005 433.6649935634005 433.6649935634005 1734.659974253602 1734.659974253602 1734.659974253602
 616614720 1 2942.528 2942.528 2942.528 419.10542227635557 419.10542227635557 419.10542227635557 1676.4216891054223 1676.4216891054223 1676.4216891054223
 678276192 1 3117.024 3117.024 3117.024 435.2075518186578 435.2075518186578 435.2075518186578 1740.8302072746312 1740.8302072746312 1740.8302072746312
 746103808 1 3410.496 3410.496 3410.496 437.5339000544202 437.5339000544202 437.5339000544202 1750.1356002176808 1750.1356002176808 1750.1356002176808
 820714184 1 3733.6 3733.6 3733.6 439.6369102206985 439.6369102206985 439.6369102206985 1758.547640882794 1758.547640882794 1758.547640882794
 902785600 1 4088.288 4088.288 4088.288 441.6448156294273 441.6448156294273 441.6448156294273 1766.5792625177091 1766.5792625177091 1766.5792625177091
 993064160 1 4564.448 4564.448 4564.448 435.13001353066124 435.13001353066124 435.13001353066124 1740.520054122645 1740.520054122645 1740.520054122645
 
META_DATA
 FLOPS          64
 GPU_BLOCKS     1280
 GPU_THREADS    128
 ERT_VERSION  1.1.0
 HOSTNAME  ('kp361.kingspeak.peaks', ['kp361'], ['10.242.2.107'])
 UNAME  uname_result(system='Linux', node='kp361', release='3.10.0-957.27.2.el7.x86_64', version='#1 SMP Mon Jul 29 17:46:05 UTC 2019', machine='x86_64', processor='x86_64')
 TIMESTAMP_DATA  1617136392.2673626
 CONFIG  {'ERT_RESULTS': ['Results/Results.kingspeak-p100-gpu.01'], 'ERT_DRIVER': ['driver1'], 'ERT_KERNEL': ['kernel1'], 'ERT_GPU': ['True'], 'ERT_GPU_CFLAGS': ['-x', 'cu', '-arch=sm_60'], 'ERT_GPU_LDFLAGS': [], 'ERT_FLOPS': ['1,64,256,512,1024'], 'ERT_ALIGN': ['32'], 'ERT_CC': ['nvcc'], 'ERT_CFLAGS': ['-O3', '-std=c++11'], 'ERT_LD': ['nvcc'], 'ERT_LDFLAGS': [], 'ERT_LDLIBS': [], 'ERT_RUN': ['srun', '-n', '1', './ERT_CODE'], 'ERT_PRECISION': ['FP64'], 'ERT_BLOCKS_THREADS': ['163840'], 'ERT_GPU_BLOCKS': ['160,320,640,1280,2560'], 'ERT_GPU_THREADS': ['1024,512,256,128,64'], 'ERT_NUM_EXPERIMENTS': ['1'], 'ERT_MEMORY_MAX': ['1073741824'], 'ERT_WORKING_SET_MIN': ['128'], 'ERT_TRIALS_MIN': ['1'], 'ERT_GNUPLOT': ['gnuplot'], 'ERT_MPI': [False], 'ERT_OPENMP': [False], 'ERT_HIP': [False], 'ERT_OCL': [False], 'ERT_SYCL': [False], 'ERT_WSS_MULT': [1.1]}
 