fp64
 1024 1048576 4121381.836 4121381.836 4121381.836 0.5210591334299266 0.5210591334299266 0.5210591334299266 33.3477845395153 33.3477845395153 33.3477845395153
 1120 524288 2050529.297 2050529.297 2050529.297 0.57273267039793 0.57273267039793 0.57273267039793 36.65489090546752 36.65489090546752 36.65489090546752
 1232 524288 2050173.34 2050173.34 2050173.34 0.6301153208830624 0.6301153208830624 0.6301153208830624 40.327380536515996 40.327380536515996 40.327380536515996
 1352 524288 2028978.516 2028978.516 2028978.516 0.6987135353186755 0.6987135353186755 0.6987135353186755 44.717666260395234 44.717666260395234 44.717666260395234
 1480 524288 2050342.285 2050342.285 2050342.285 0.7568943445947612 0.7568943445947612 0.7568943445947612 48.44123805406472 48.44123805406472 48.44123805406472
 1624 524288 2106489.99 2106489.99 2106489.99 0.808400434886472 0.808400434886472 0.808400434886472 51.737627832734205 51.737627832734205 51.737627832734205
 1784 524288 2050254.883 2050254.883 2050254.883 0.9124034282326837 0.9124034282326837 0.9124034282326837 58.39381940689176 58.39381940689176 58.39381940689176
 1960 524288 2068638.916 2068638.916 2068638.916 0.9935078297637517 0.9935078297637517 0.9935078297637517 63.58450110488011 63.58450110488011 63.58450110488011
 2152 262144 1019416.382 1019416.382 1019416.382 1.106778148676053 1.106778148676053 1.106778148676053 70.8338015152674 70.8338015152674 70.8338015152674
 2360 262144 1029819.092 1029819.092 1029819.092 1.2014922714212022 1.2014922714212022 1.2014922714212022 76.89550537095694 76.89550537095694 76.89550537095694
 2592 262144 1052484.619 1052484.619 1052484.619 1.2911870363399582 1.2911870363399582 1.2911870363399582 82.63597032575733 82.63597032575733 82.63597032575733
 2848 262144 1045019.775 1045019.775 1045019.775 1.4288459029399705 1.4288459029399705 1.4288459029399705 91.44613778815811 91.44613778815811 91.44613778815811
 3128 262144 1029102.539 1029102.539 1029102.539 1.5935951976113043 1.5935951976113043 1.5935951976113043 101.99009264712348 101.99009264712348 101.99009264712348
 3440 262144 1030232.788 1030232.788 1030232.788 1.7506244617794091 1.7506244617794091 1.7506244617794091 112.03996555388218 112.03996555388218 112.03996555388218
 3784 262144 1032572.144 1032572.144 1032572.144 1.9213241452696017 1.9213241452696017 1.9213241452696017 122.96474529725451 122.96474529725451 122.96474529725451
 4160 131072 519450.562 519450.562 519450.562 2.0993702187966834 2.0993702187966834 2.0993702187966834 134.35969400298774 134.35969400298774 134.35969400298774
 4576 131072 521826.416 521826.416 521826.416 2.298793060717723 2.298793060717723 2.298793060717723 147.12275588593428 147.12275588593428 147.12275588593428
 5032 131072 519643.738 519643.738 519643.738 2.5384864889875765 2.5384864889875765 2.5384864889875765 162.4631352952049 162.4631352952049 162.4631352952049
 5528 131072 527048.218 527048.218 527048.218 2.749524583346566 2.749524583346566 2.749524583346566 175.9695733341802 175.9695733341802 175.9695733341802
 6080 131072 517713.745 517713.745 517713.745 3.078603833475582 3.078603833475582 3.078603833475582 197.03064534243725 197.03064534243725 197.03064534243725
 6688 131072 522128.967 522128.967 522128.967 3.3578276303524834 3.3578276303524834 3.3578276303524834 214.90096834255894 214.90096834255894 214.90096834255894
 7352 131072 517300.537 517300.537 517300.537 3.7256537547340685 3.7256537547340685 3.7256537547340685 238.44184030298038 238.44184030298038 238.44184030298038
 8080 131072 542703.064 542703.064 542703.064 3.9029142463068904 3.9029142463068904 3.9029142463068904 249.786511763641 249.786511763641 249.786511763641
 8888 65536 259838.196 259838.196 259838.196 4.483436053412255 4.483436053412255 4.483436053412255 286.93990741838434 286.93990741838434 286.93990741838434
 9776 65536 262194.153 262194.153 262194.153 4.887065013993657 4.887065013993657 4.887065013993657 312.772160895594 312.772160895594 312.772160895594
 10752 65536 263983.551 263983.551 263983.551 5.338537718208056 5.338537718208056 5.338537718208056 341.6664139653156 341.6664139653156 341.6664139653156
 11824 65536 259455.2 259455.2 259455.2 5.973267554475687 5.973267554475687 5.973267554475687 382.28912348644394 382.28912348644394 382.28912348644394
 13000 65536 261816.65 261816.65 261816.65 6.508126965951172 6.508126965951172 6.508126965951172 416.520125820875 416.520125820875 416.520125820875
 14296 65536 262870.331 262870.331 262870.331 7.128249524667734 7.128249524667734 7.128249524667734 456.207969578735 456.207969578735 456.207969578735
 15720 65536 261193.42 261193.42 261193.42 7.888605463338241 7.888605463338241 7.888605463338241 504.8707496536474 504.8707496536474 504.8707496536474
 17288 32768 134855.225 134855.225 134855.225 8.401501447200138 8.401501447200138 8.401501447200138 537.6960926208088 537.6960926208088 537.6960926208088
 19016 32768 132203.003 132203.003 132203.003 9.426658606234534 9.426658606234534 9.426658606234534 603.3061507990102 603.3061507990102 603.3061507990102
 20912 32768 133739.548 133739.548 133739.548 10.24744626772628 10.24744626772628 10.24744626772628 655.8365611344819 655.8365611344819 655.8365611344819
 23000 32768 133524.796 133524.796 133524.796 11.28874969410176 11.28874969410176 11.28874969410176 722.4799804225127 722.4799804225127 722.4799804225127
 25296 32768 135281.372 135281.372 135281.372 12.25444886824477 12.25444886824477 12.25444886824477 784.2847275676653 784.2847275676653 784.2847275676653
 27824 32768 134955.048 134955.048 134955.048 13.511711425570384 13.511711425570384 13.511711425570384 864.7495312365046 864.7495312365046 864.7495312365046
 30600 32768 138173.34 138173.34 138173.34 14.513665226591467 14.513665226591467 14.513665226591467 928.8745745018539 928.8745745018539 928.8745745018539
 33656 16384 69355.232 69355.232 69355.232 15.901321013532186 15.901321013532186 15.901321013532186 1017.6845448660599 1017.6845448660599 1017.6845448660599
 37016 16384 72126.945 72126.945 72126.945 16.81674286911777 16.81674286911777 16.81674286911777 1076.2715436235374 1076.2715436235374 1076.2715436235374
 40712 16384 66170.364 66170.364 66170.364 20.16085049796613 20.16085049796613 20.16085049796613 1290.2944318698324 1290.2944318698324 1290.2944318698324
 44776 16384 69344.673 69344.673 69344.673 21.158365949753634 21.158365949753634 21.158365949753634 1354.1354207842326 1354.1354207842326 1354.1354207842326
 49248 16384 68073.38 68073.38 68073.38 23.70616038163523 23.70616038163523 23.70616038163523 1517.1942644246546 1517.1942644246546 1517.1942644246546
 54168 16384 68297.791 68297.791 68297.791 25.988791116245622 25.988791116245622 25.988791116245622 1663.2826314397198 1663.2826314397198 1663.2826314397198
 59584 16384 67999.519 67999.519 67999.519 28.712681217642142 28.712681217642142 28.712681217642142 1837.6115979290971 1837.6115979290971 1837.6115979290971
 65536 16384 68014.755 68014.755 68014.755 31.5737908340624 31.5737908340624 31.5737908340624 2020.7226133799936 2020.7226133799936 2020.7226133799936
 72088 8192 33982.079 33982.079 33982.079 34.756254671763905 34.756254671763905 34.756254671763905 2224.40029899289 2224.40029899289 2224.40029899289
 79296 8192 33955.872 33955.872 33955.872 38.261001337265014 38.261001337265014 38.261001337265014 2448.704085584961 2448.704085584961 2448.704085584961
 87224 8192 33868.927 33868.927 33868.927 42.194369369894716 42.194369369894716 42.194369369894716 2700.439639673262 2700.439639673262 2700.439639673262
 95944 8192 33687.359 33687.359 33687.359 46.662800013500615 46.662800013500615 46.662800013500615 2986.4192008640393 2986.4192008640393 2986.4192008640393
 105536 8192 33620.094 33620.094 33620.094 51.43060647004735 51.43060647004735 51.43060647004735 3291.5588140830305 3291.5588140830305 3291.5588140830305
 116088 8192 41364.353 41364.353 41364.353 45.981277454043585 45.981277454043585 45.981277454043585 2942.8017570587895 2942.8017570587895 2942.8017570587895
 127696 8192 42031.326 42031.326 42031.326 49.77647538409804 49.77647538409804 49.77647538409804 3185.6944245822747 3185.6944245822747 3185.6944245822747
 140464 4096 20949.823 20949.823 20949.823 54.92557564806156 54.92557564806156 54.92557564806156 3515.23684147594 3515.23684147594 3515.23684147594
 154504 4096 20965.536 20965.536 20965.536 60.370351037054334 60.370351037054334 60.370351037054334 3863.7024663714774 3863.7024663714774 3863.7024663714774
 169952 4096 20966.688 20966.688 20966.688 66.4027997173421 66.4027997173421 66.4027997173421 4249.779181909895 4249.779181909895 4249.779181909895
 186944 4096 35179.871 35179.871 35179.871 43.53186081893251 43.53186081893251 43.53186081893251 2786.0390924116805 2786.0390924116805 2786.0390924116805
 205632 4096 35014.721 35014.721 35014.721 48.10940358485221 48.10940358485221 48.10940358485221 3079.0018294305414 3079.0018294305414 3079.0018294305414
 226192 4096 35056.641 35056.641 35056.641 52.85631512728215 52.85631512728215 52.85631512728215 3382.8041681460577 3382.8041681460577 3382.8041681460577
 248808 4096 43772.289 43772.289 43772.289 46.56450879230922 46.56450879230922 46.56450879230922 2980.12856270779 2980.12856270779 2980.12856270779
 273688 2048 21937.441 21937.441 21937.441 51.101039907070295 51.101039907070295 51.101039907070295 3270.466554052499 3270.466554052499 3270.466554052499
 301056 2048 25946.527 25946.527 25946.527 47.52564287312904 47.52564287312904 47.52564287312904 3041.6411438802584 3041.6411438802584 3041.6411438802584
 331160 2048 25991.297 25991.297 25991.297 52.187905820936905 52.187905820936905 52.187905820936905 3340.025972539962 3340.025972539962 3340.025972539962
 364272 2048 30239.073 30239.073 30239.073 49.34205860080433 49.34205860080433 49.34205860080433 3157.891750451477 3157.891750451477 3157.891750451477
 400696 2048 30329.664 30329.664 30329.664 54.1137157338769 54.1137157338769 54.1137157338769 3463.2778069681217 3463.2778069681217 3463.2778069681217
 440760 2048 34494.946 34494.946 34494.946 52.33673825725078 52.33673825725078 52.33673825725078 3349.55124846405 3349.55124846405 3349.55124846405
 484832 2048 38680.832 38680.832 38680.832 51.339947186244586 51.339947186244586 51.339947186244586 3285.7566199196535 3285.7566199196535 3285.7566199196535
 533312 1024 21412.704 21412.704 21412.704 51.00817608089104 51.00817608089104 51.00817608089104 3264.5232691770266 3264.5232691770266 3264.5232691770266
 586640 1024 23486.719 23486.719 23486.719 51.15396152182858 51.15396152182858 51.15396152182858 3273.853537397029 3273.853537397029 3273.853537397029
 645304 1024 25566.113 25566.113 25566.113 51.69274625360531 51.69274625360531 51.69274625360531 3308.3357602307397 3308.3357602307397 3308.3357602307397
 709832 1024 27665.407 27665.407 27665.407 52.5470648597362 52.5470648597362 52.5470648597362 3363.012151023117 3363.012151023117 3363.012151023117
 780808 1024 29759.745 29759.745 29759.745 53.733484073872276 53.733484073872276 53.733484073872276 3438.9429807278257 3438.9429807278257 3438.9429807278257
 858888 1024 31842.144 31842.144 31842.144 55.24133751797618 55.24133751797618 55.24133751797618 3535.4456011504753 3535.4456011504753 3535.4456011504753
 944776 1024 37574.944 37574.944 37574.944 51.49445460251384 51.49445460251384 51.49445460251384 3295.645094560886 3295.645094560886 3295.645094560886
 1039248 1024 50761.536 50761.536 50761.536 41.92898938282718 41.92898938282718 41.92898938282718 2683.4553205009397 2683.4553205009397 2683.4553205009397
 1143168 512 25391.745 25391.745 25391.745 46.101755984080654 46.101755984080654 46.101755984080654 2950.512382981162 2950.512382981162 2950.512382981162
 1257480 512 25398.624 25398.624 25398.624 50.69800316741569 50.69800316741569 50.69800316741569 3244.6722027146043 3244.6722027146043 3244.6722027146043
 1383224 512 26447.264 26447.264 26447.264 53.55644258702904 53.55644258702904 53.55644258702904 3427.6123255698585 3427.6123255698585 3427.6123255698585
 1521544 512 28542.08 28542.08 28542.08 54.58820996928045 54.58820996928045 54.58820996928045 3493.6454380339487 3493.6454380339487 3493.6454380339487
 1673696 512 31678.207 31678.207 31678.207 54.102326687870935 54.102326687870935 54.102326687870935 3462.54890802374 3462.54890802374 3462.54890802374
 1841064 512 35639.584 35639.584 35639.584 52.89763023047631 52.89763023047631 52.89763023047631 3385.448334750484 3385.448334750484 3385.448334750484
 2025168 512 41142.178 41142.178 41142.178 50.40501336608869 50.40501336608869 50.40501336608869 3225.920855429676 3225.920855429676 3225.920855429676
 2227680 256 21107.937 21107.937 21107.937 54.03522665431492 54.03522665431492 54.03522665431492 3458.254505876155 3458.254505876155 3458.254505876155
 2450448 256 25344.576 25344.576 25344.576 49.502874934660575 49.502874934660575 49.502874934660575 3168.183995818277 3168.183995818277 3168.183995818277
 2695488 256 25870.913 25870.913 25870.913 53.345231998576935 53.345231998576935 53.345231998576935 3414.094847908924 3414.094847908924 3414.094847908924
 2965032 256 27424.288 27424.288 27424.288 55.35590874774943 55.35590874774943 55.35590874774943 3542.7781598559636 3542.7781598559636 3542.7781598559636
 3261528 256 34510.494 34510.494 34510.494 48.3882478181854 48.3882478181854 48.3882478181854 3096.8478603638655 3096.8478603638655 3096.8478603638655
 3587680 256 36866.718 36866.718 36866.718 49.82521525241276 49.82521525241276 49.82521525241276 3188.8137761544167 3188.8137761544167 3188.8137761544167
 3946448 256 37978.912 37978.912 37978.912 53.20271881406187 53.20271881406187 53.20271881406187 3404.9740040999595 3404.9740040999595 3404.9740040999595
 4341088 128 20837.343 20837.343 20837.343 53.33302465674246 53.33302465674246 53.33302465674246 3413.3135780315174 3413.3135780315174 3413.3135780315174
 4775192 128 23690.559 23690.559 23690.559 51.60068835859889 51.60068835859889 51.60068835859889 3302.444054950329 3302.444054950329 3302.444054950329
 5252704 128 25319.136 25319.136 25319.136 53.1097200157225 53.1097200157225 53.1097200157225 3399.02208100624 3399.02208100624 3399.02208100624
 5777968 128 31828.833 31828.833 31828.833 46.47232300348555 46.47232300348555 46.47232300348555 2974.228672223075 2974.228672223075 2974.228672223075
 6355760 128 31344.383 31344.383 31344.383 51.909605622162026 51.909605622162026 51.909605622162026 3322.2147598183697 3322.2147598183697 3322.2147598183697
 6991336 128 33465.057 33465.057 33465.057 53.482114672627034 53.482114672627034 53.482114672627034 3422.85533904813 3422.85533904813 3422.85533904813
 7690464 128 37685.249 37685.249 37685.249 52.242159365856914 52.242159365856914 52.242159365856914 3343.4981994148425 3343.4981994148425 3343.4981994148425
 8459504 64 21857.216 21857.216 21857.216 49.54045894957528 49.54045894957528 49.54045894957528 3170.589372772818 3170.589372772818 3170.589372772818
 9305448 64 22404.545 22404.545 22404.545 53.16320166287689 53.16320166287689 53.16320166287689 3402.4449064241207 3402.4449064241207 3402.4449064241207
 10235992 64 25296.448 25296.448 25296.448 51.79410864323718 51.79410864323718 51.79410864323718 3314.8229531671795 3314.8229531671795 3314.8229531671795
 11259584 64 29096.319 29096.319 29096.319 49.532958172475354 49.532958172475354 49.532958172475354 3170.1093230384226 3170.1093230384226 3170.1093230384226
 12385536 64 33269.665 33269.665 33269.665 47.651474939708585 47.651474939708585 47.651474939708585 3049.6943961413494 3049.6943961413494 3049.6943961413494
 13624088 64 31472.033 31472.033 31472.033 55.41056925048344 55.41056925048344 55.41056925048344 3546.27643203094 3546.27643203094 3546.27643203094
 14986496 64 37539.009 37539.009 37539.009 51.100749303211494 51.100749303211494 51.100749303211494 3270.4479554055356 3270.4479554055356 3270.4479554055356
 16485144 64 41201.279 41201.279 41201.279 51.2143914755656 51.2143914755656 51.2143914755656 3277.7210544361983 3277.7210544361983 3277.7210544361983
 18133656 32 21007.04 21007.04 21007.04 55.24595487988789 55.24595487988789 55.24595487988789 3535.741112312825 3535.741112312825 3535.741112312825
 19947016 32 26985.312 26985.312 26985.312 47.30755101145394 47.30755101145394 47.30755101145394 3027.683264733052 3027.683264733052 3027.683264733052
 21941712 32 26891.264 26891.264 26891.264 52.22028864095046 52.22028864095046 52.22028864095046 3342.0984730208293 3342.0984730208293 3342.0984730208293
 24135880 32 31375.937 31375.937 31375.937 49.231878557124844 49.231878557124844 49.231878557124844 3150.84022765599 3150.84022765599 3150.84022765599
 26549464 32 33260.513 33260.513 33260.513 51.08657512287919 51.08657512287919 51.08657512287919 3269.540807864268 3269.540807864268 3269.540807864268
 29204408 32 36598.686 36598.686 36598.686 51.0696507519423 51.0696507519423 51.0696507519423 3268.457648124307 3268.457648124307 3268.457648124307
 32124848 32 41838.432 41838.432 41838.432 49.14118846518913 49.14118846518913 49.14118846518913 3145.0360617721044 3145.0360617721044 3145.0360617721044
 35337328 16 21362.816 21362.816 21362.816 52.93283881675524 52.93283881675524 52.93283881675524 3387.7016842723356 3387.7016842723356 3387.7016842723356
 38871056 16 23438.976 23438.976 23438.976 53.06860641010938 53.06860641010938 53.06860641010938 3396.3908102470004 3396.3908102470004 3396.3908102470004
 42758160 16 25800.863 25800.863 25800.863 53.031602857625344 53.031602857625344 53.031602857625344 3394.022582888022 3394.022582888022 3394.022582888022
 47033976 16 28467.232 28467.232 28467.232 52.87086682681337 52.87086682681337 52.87086682681337 3383.7354769160556 3383.7354769160556 3383.7354769160556
 51737368 16 31128.544 31128.544 31128.544 53.18577624446553 53.18577624446553 53.18577624446553 3403.889679645794 3403.889679645794 3403.889679645794
 56911104 16 34315.582 34315.582 34315.582 53.070798216390436 53.070798216390436 53.070798216390436 3396.531085848988 3396.531085848988 3396.531085848988
 62602208 16 37955.009 37955.009 37955.009 52.78013913789351 52.78013913789351 52.78013913789351 3377.9289048251844 3377.9289048251844 3377.9289048251844
 68862424 8 20764.288 20764.288 20764.288 53.06219909876034 53.06219909876034 53.06219909876034 3395.9807423206616 3395.9807423206616 3395.9807423206616
 75748664 8 22850.559 22850.559 22850.559 53.03934245109714 53.03934245109714 53.03934245109714 3394.517916870217 3394.517916870217 3394.517916870217
 83323528 8 25125.759 25125.759 25125.759 53.060146282546135 53.060146282546135 53.060146282546135 3395.8493620829527 3395.8493620829527 3395.8493620829527
 91655880 8 27682.943 27682.943 27682.943 52.974645072960634 52.974645072960634 52.974645072960634 3390.3772846694806 3390.3772846694806 3390.3772846694806
 100821464 8 30448.288 30448.288 30448.288 52.97977423229838 52.97977423229838 52.97977423229838 3390.7055508670965 3390.7055508670965 3390.7055508670965
 110903608 8 33446.59 33446.59 33446.59 53.05347205798858 53.05347205798858 53.05347205798858 3395.422211711269 3395.422211711269 3395.422211711269
 121993968 8 36815.647 36815.647 36815.647 53.01831278423546 53.01831278423546 53.01831278423546 3393.1720181910696 3393.1720181910696 3393.1720181910696
 134193360 8 40479.298 40479.298 40479.298 53.041773599927545 53.041773599927545 53.041773599927545 3394.673510395363 3394.673510395363 3394.673510395363
 147612696 4 22274.944 22274.944 22274.944 53.01479402147992 53.01479402147992 53.01479402147992 3392.946817374715 3392.946817374715 3392.946817374715
 162373960 4 24512.993 24512.993 24512.993 52.991965526200744 52.991965526200744 52.991965526200744 3391.4857936768476 3391.4857936768476 3391.4857936768476
 178611352 4 26944.448 26944.448 26944.448 53.03099235879689 53.03099235879689 53.03099235879689 3393.9835109630008 3393.9835109630008 3393.9835109630008
 196472480 4 29643.423 29643.423 29643.423 53.02288605469079 53.02288605469079 53.02288605469079 3393.4647075002104 3393.4647075002104 3393.4647075002104
 216119728 4 32624.001 32624.001 32624.001 52.99649862075471 52.99649862075471 52.99649862075471 3391.7759117283013 3391.7759117283013 3391.7759117283013
 237731696 4 35847.809 35847.809 35847.809 53.05355113892735 53.05355113892735 53.05355113892735 3395.42727289135 3395.42727289135 3395.42727289135
 261504864 4 42712.318 42712.318 42712.318 48.979755957052014 48.979755957052014 48.979755957052014 3134.704381251329 3134.704381251329 3134.704381251329
 287655344 2 21699.68 21699.68 21699.68 53.02480847643836 53.02480847643836 53.02480847643836 3393.587742492055 3393.587742492055 3393.587742492055
 316420872 2 23872.288 23872.288 23872.288 53.01894347119136 53.01894347119136 53.01894347119136 3393.2123821562473 3393.2123821562473 3393.2123821562473
 348062952 2 26240.255 26240.255 26240.255 53.057861213620065 53.057861213620065 53.057861213620065 3395.703117671684 3395.703117671684 3395.703117671684
 382869240 2 28886.208 28886.208 28886.208 53.01758403179815 53.01758403179815 53.01758403179815 3393.1253780350817 3393.1253780350817 3393.1253780350817
 421156160 2 31770.657 31770.657 31770.657 53.02454525885316 53.02454525885316 53.02454525885316 3393.570896566602 3393.570896566602 3393.570896566602
 463271776 2 34940.609 34940.609 34940.609 53.03534074062648 53.03534074062648 53.03534074062648 3394.2618074000948 3394.2618074000948 3394.2618074000948
 509598952 2 38442.303 38442.303 38442.303 53.0248098819678 53.0248098819678 53.0248098819678 3393.587832445939 3393.587832445939 3393.587832445939
 560558840 1 21165.119 21165.119 21165.119 52.97006267718126 52.97006267718126 52.97006267718126 3390.0840113396007 3390.0840113396007 3390.0840113396007
 616614720 1 23268.736 23268.736 23268.736 52.999416899998344 52.999416899998344 52.999416899998344 3391.962681599894 3391.962681599894 3391.962681599894
 678276192 1 25589.376 25589.376 25589.376 53.01232761596062 53.01232761596062 53.01232761596062 3392.78896742148 3392.78896742148 3392.78896742148
 746103808 1 28160.992 28160.992 28160.992 52.98846063377313 52.98846063377313 52.98846063377313 3391.2614805614803 3391.2614805614803 3391.2614805614803
 820714184 1 30962.048 30962.048 30962.048 53.014205261874146 53.014205261874146 53.014205261874146 3392.9091367599453 3392.9091367599453 3392.9091367599453
 902785600 1 34069.534 34069.534 34069.534 52.99665090811045 52.99665090811045 52.99665090811045 3391.785658119069 3391.785658119069 3391.785658119069
 993064160 1 37463.329 37463.329 37463.329 53.01526514101297 53.01526514101297 53.01526514101297 3392.97696902483 3392.97696902483 3392.97696902483
 
META_DATA
 FLOPS          1024
 GPU_BLOCKS     1280
 GPU_THREADS    128
 ERT_VERSION  1.1.0
 HOSTNAME  ('kp361.kingspeak.peaks', ['kp361'], ['10.242.2.107'])
 UNAME  uname_result(system='Linux', node='kp361', release='3.10.0-957.27.2.el7.x86_64', version='#1 SMP Mon Jul 29 17:46:05 UTC 2019', machine='x86_64', processor='x86_64')
 TIMESTAMP_DATA  1617137468.8034408
 CONFIG  {'ERT_RESULTS': ['Results/Results.kingspeak-p100-gpu.01'], 'ERT_DRIVER': ['driver1'], 'ERT_KERNEL': ['kernel1'], 'ERT_GPU': ['True'], 'ERT_GPU_CFLAGS': ['-x', 'cu', '-arch=sm_60'], 'ERT_GPU_LDFLAGS': [], 'ERT_FLOPS': ['1,64,256,512,1024'], 'ERT_ALIGN': ['32'], 'ERT_CC': ['nvcc'], 'ERT_CFLAGS': ['-O3', '-std=c++11'], 'ERT_LD': ['nvcc'], 'ERT_LDFLAGS': [], 'ERT_LDLIBS': [], 'ERT_RUN': ['srun', '-n', '1', './ERT_CODE'], 'ERT_PRECISION': ['FP64'], 'ERT_BLOCKS_THREADS': ['163840'], 'ERT_GPU_BLOCKS': ['160,320,640,1280,2560'], 'ERT_GPU_THREADS': ['1024,512,256,128,64'], 'ERT_NUM_EXPERIMENTS': ['1'], 'ERT_MEMORY_MAX': ['1073741824'], 'ERT_WORKING_SET_MIN': ['128'], 'ERT_TRIALS_MIN': ['1'], 'ERT_GNUPLOT': ['gnuplot'], 'ERT_MPI': [False], 'ERT_OPENMP': [False], 'ERT_HIP': [False], 'ERT_OCL': [False], 'ERT_SYCL': [False], 'ERT_WSS_MULT': [1.1]}
 