fp64
 1024 1048576 795091.309 795091.309 795091.309 2.7009270805650325 2.7009270805650325 2.7009270805650325 0.16880794253531453 0.16880794253531453 0.16880794253531453
 1120 524288 376989.227 376989.227 376989.227 3.11522196362391 3.11522196362391 3.11522196362391 0.19470137272649438 0.19470137272649438 0.19470137272649438
 1232 524288 379362.885 379362.885 379362.885 3.405303162432456 3.405303162432456 3.405303162432456 0.2128314476520285 0.2128314476520285 0.2128314476520285
 1352 524288 399296.417 399296.417 399296.417 3.5504319388871446 3.5504319388871446 3.5504319388871446 0.22190199618044654 0.22190199618044654 0.22190199618044654
 1480 524288 400898.376 400898.376 400898.376 3.871037082973866 3.871037082973866 3.871037082973866 0.24193981768586661 0.24193981768586661 0.24193981768586661
 1624 524288 400083.649 400083.649 400083.649 4.2563284659503795 4.2563284659503795 4.2563284659503795 0.2660205291218987 0.2660205291218987 0.2660205291218987
 1784 524288 380495.575 380495.575 380495.575 4.916376712133905 4.916376712133905 4.916376712133905 0.3072735445083691 0.3072735445083691 0.3072735445083691
 1960 524288 358255.615 358255.615 358255.615 5.736711091045984 5.736711091045984 5.736711091045984 0.358544443190374 0.358544443190374 0.358544443190374
 2152 262144 178587.524 178587.524 178587.524 6.317730100788003 6.317730100788003 6.317730100788003 0.3948581312992502 0.3948581312992502 0.3948581312992502
 2360 262144 199504.639 199504.639 199504.639 6.201959444161096 6.201959444161096 6.201959444161096 0.3876224652600685 0.3876224652600685 0.3876224652600685
 2592 262144 193146.942 193146.942 193146.942 7.0358582016794236 7.0358582016794236 7.0358582016794236 0.43974113760496397 0.43974113760496397 0.43974113760496397
 2848 262144 201935.867 201935.867 201935.867 7.394289316617538 7.394289316617538 7.394289316617538 0.46214308228859613 0.46214308228859613 0.46214308228859613
 3128 262144 199200.348 199200.348 199200.348 8.232781119438606 8.232781119438606 8.232781119438606 0.5145488199649129 0.5145488199649129 0.5145488199649129
 3440 262144 192480.667 192480.667 192480.667 9.370035692987287 9.370035692987287 9.370035692987287 0.5856272308117054 0.5856272308117054 0.5856272308117054
 3784 262144 199909.851 199909.851 199909.851 9.924002154351063 9.924002154351063 9.924002154351063 0.6202501346469415 0.6202501346469415 0.6202501346469415
 4160 131072 96335.487 96335.487 96335.487 11.320013776439414 11.320013776439414 11.320013776439414 0.7075008610274633 0.7075008610274633 0.7075008610274633
 4576 131072 101365.021 101365.021 101365.021 11.83417052712888 11.83417052712888 11.83417052712888 0.739635657945555 0.739635657945555 0.739635657945555
 5032 131072 91235.039 91235.039 91235.039 14.45835528168076 14.45835528168076 14.45835528168076 0.9036472051050475 0.9036472051050475 0.9036472051050475
 5528 131072 101607.712 101607.712 101607.712 14.262027984647466 14.262027984647466 14.262027984647466 0.8913767490404666 0.8913767490404666 0.8913767490404666
 6080 131072 101133.919 101133.919 101133.919 15.759653494689553 15.759653494689553 15.759653494689553 0.9849783434180971 0.9849783434180971 0.9849783434180971
 6688 131072 99962.524 99962.524 99962.524 17.538763547026882 17.538763547026882 17.538763547026882 1.0961727216891801 1.0961727216891801 1.0961727216891801
 7352 131072 101604.736 101604.736 101604.736 18.96843359742601 18.96843359742601 18.96843359742601 1.1855270998391256 1.1855270998391256 1.1855270998391256
 8080 131072 96303.841 96303.841 96303.841 21.9941748740842 21.9941748740842 21.9941748740842 1.3746359296302626 1.3746359296302626 1.3746359296302626
 8888 65536 48047.489 48047.489 48047.489 24.246177276818777 24.246177276818777 24.246177276818777 1.5153860798011736 1.5153860798011736 1.5153860798011736
 9776 65536 48052.513 48052.513 48052.513 26.665824365938988 26.665824365938988 26.665824365938988 1.6666140228711868 1.6666140228711868 1.6666140228711868
 10752 65536 48084.511 48084.511 48084.511 29.308526065701283 29.308526065701283 29.308526065701283 1.8317828791063302 1.8317828791063302 1.8317828791063302
 11824 65536 50601.856 50601.856 50601.856 30.62724276358559 30.62724276358559 30.62724276358559 1.9142026727240993 1.9142026727240993 1.9142026727240993
 13000 65536 50340.992 50340.992 50340.992 33.84788285459293 33.84788285459293 33.84788285459293 2.1154926784120582 2.1154926784120582 2.1154926784120582
 14296 65536 49775.871 49775.871 49775.871 37.64485230203204 37.64485230203204 37.64485230203204 2.3528032688770026 2.3528032688770026 2.3528032688770026
 15720 65536 50778.976 50778.976 50778.976 40.57686866312546 40.57686866312546 40.57686866312546 2.5360542914453412 2.5360542914453412 2.5360542914453412
 17288 32768 25219.551 25219.551 25219.551 44.92492225575309 44.92492225575309 44.92492225575309 2.807807640984568 2.807807640984568 2.807807640984568
 19016 32768 25207.52 25207.52 25207.52 49.43892044913581 49.43892044913581 49.43892044913581 3.089932528070988 3.089932528070988 3.089932528070988
 20912 32768 25319.233 25319.233 25319.233 54.12837079227479 54.12837079227479 54.12837079227479 3.383023174517174 3.383023174517174 3.383023174517174
 23000 32768 25286.753 25286.753 25286.753 59.60939310792492 59.60939310792492 59.60939310792492 3.7255870692453077 3.7255870692453077 3.7255870692453077
 25296 32768 24034.143 24034.143 24034.143 68.97681585734095 68.97681585734095 68.97681585734095 4.3110509910838095 4.3110509910838095 4.3110509910838095
 27824 32768 25016.768 25016.768 25016.768 72.8900577404723 72.8900577404723 72.8900577404723 4.555628608779519 4.555628608779519 4.555628608779519
 30600 32768 25437.92 25437.92 25437.92 78.83512488442452 78.83512488442452 78.83512488442452 4.927195305276532 4.927195305276532 4.927195305276532
 33656 16384 12680.32 12680.32 12680.32 86.97255337404734 86.97255337404734 86.97255337404734 5.4357845858779585 5.4357845858779585 5.4357845858779585
 37016 16384 12645.312 12645.312 12645.312 95.92015507407014 95.92015507407014 95.92015507407014 5.995009692129384 5.995009692129384 5.995009692129384
 40712 16384 12684.128 12684.128 12684.128 105.1748150129043 105.1748150129043 105.1748150129043 6.573425938306519 6.573425938306519 6.573425938306519
 44776 16384 12533.408 12533.408 12533.408 117.06472557184766 117.06472557184766 117.06472557184766 7.316545348240479 7.316545348240479 7.316545348240479
 49248 16384 12631.2 12631.2 12631.2 127.75971119133574 127.75971119133574 127.75971119133574 7.984981949458484 7.984981949458484 7.984981949458484
 54168 16384 12582.72 12582.72 12582.72 141.0646524757763 141.0646524757763 141.0646524757763 8.81654077973602 8.81654077973602 8.81654077973602
 59584 16384 12522.016 12522.016 12522.016 155.9212599632519 155.9212599632519 155.9212599632519 9.745078747703245 9.745078747703245 9.745078747703245
 65536 16384 12104.128 12104.128 12104.128 177.41746022513973 177.41746022513973 177.41746022513973 11.088591264071233 11.088591264071233 11.088591264071233
 72088 8192 6074.752 6074.752 6074.752 194.42600981900168 194.42600981900168 194.42600981900168 12.151625613687605 12.151625613687605 12.151625613687605
 79296 8192 6050.944 6050.944 6050.944 214.70793053116998 214.70793053116998 214.70793053116998 13.419245658198124 13.419245658198124 13.419245658198124
 87224 8192 5991.264 5991.264 5991.264 238.52696459378188 238.52696459378188 238.52696459378188 14.907935287111368 14.907935287111368 14.907935287111368
 95944 8192 5735.776 5735.776 5735.776 274.0599521320219 274.0599521320219 274.0599521320219 17.12874700825137 17.12874700825137 17.12874700825137
 105536 8192 5707.552 5707.552 5707.552 302.94981526230515 302.94981526230515 302.94981526230515 18.934363453894072 18.934363453894072 18.934363453894072
 116088 8192 5688.032 5688.032 5688.032 334.38380656086326 334.38380656086326 334.38380656086326 20.898987910053954 20.898987910053954 20.898987910053954
 127696 8192 6036.064 6036.064 6036.064 346.61184241916584 346.61184241916584 346.61184241916584 21.663240151197865 21.663240151197865 21.663240151197865
 140464 4096 2715.904 2715.904 2715.904 423.68253369780376 423.68253369780376 423.68253369780376 26.480158356112735 26.480158356112735 26.480158356112735
 154504 4096 2705.344 2705.344 2705.344 467.85058314210687 467.85058314210687 467.85058314210687 29.24066144638168 29.24066144638168 29.24066144638168
 169952 4096 2709.248 2709.248 2709.248 513.8867995842388 513.8867995842388 513.8867995842388 32.117924974014926 32.117924974014926 32.117924974014926
 186944 4096 3025.792 3025.792 3025.792 506.13037776555694 506.13037776555694 506.13037776555694 31.63314861034731 31.63314861034731 31.63314861034731
 205632 4096 3010.976 3010.976 3010.976 559.4655500409169 559.4655500409169 559.4655500409169 34.96659687755731 34.96659687755731 34.96659687755731
 226192 4096 2898.752 2898.752 2898.752 639.2284900536507 639.2284900536507 639.2284900536507 39.95178062835317 39.95178062835317 39.95178062835317
 248808 4096 2805.792 2805.792 2805.792 726.4384302186334 726.4384302186334 726.4384302186334 45.402401888664585 45.402401888664585 45.402401888664585
 273688 2048 1475.648 1475.648 1475.648 759.6839137788958 759.6839137788958 759.6839137788958 47.480244611180986 47.480244611180986 47.480244611180986
 301056 2048 1461.408 1461.408 1461.408 843.7926821257308 843.7926821257308 843.7926821257308 52.73704263285818 52.73704263285818 52.73704263285818
 331160 2048 1431.328 1431.328 1431.328 947.6733215587203 947.6733215587203 947.6733215587203 59.22958259742002 59.22958259742002 59.22958259742002
 364272 2048 1489.024 1489.024 1489.024 1002.0376515086393 1002.0376515086393 1002.0376515086393 62.62735321928996 62.62735321928996 62.62735321928996
 400696 2048 1494.912 1494.912 1494.912 1097.891257813169 1097.891257813169 1097.891257813169 68.61820361332306 68.61820361332306 68.61820361332306
 440760 2048 1559.904 1559.904 1559.904 1157.3487599236876 1157.3487599236876 1157.3487599236876 72.33429749523047 72.33429749523047 72.33429749523047
 484832 2048 1588.992 1588.992 1588.992 1249.7683260834542 1249.7683260834542 1249.7683260834542 78.11052038021589 78.11052038021589 78.11052038021589
 533312 1024 820.576 820.576 820.576 1331.0442615918573 1331.0442615918573 1331.0442615918573 83.19026634949108 83.19026634949108 83.19026634949108
 586640 1024 796.672 796.672 796.672 1508.0719794344475 1508.0719794344475 1508.0719794344475 94.25449871465297 94.25449871465297 94.25449871465297
 645304 1024 833.504 833.504 833.504 1585.5743847659999 1585.5743847659999 1585.5743847659999 99.09839904787499 99.09839904787499 99.09839904787499
 709832 1024 909.824 909.824 909.824 1597.8210467079348 1597.8210467079348 1597.8210467079348 99.86381541924592 99.86381541924592 99.86381541924592
 780808 1024 948.544 948.544 948.544 1685.8414411983 1685.8414411983 1685.8414411983 105.36509007489374 105.36509007489374 105.36509007489374
 858888 1024 1047.68 1047.68 1047.68 1678.950274893097 1678.950274893097 1678.950274893097 104.93439218081856 104.93439218081856 104.93439218081856
 944776 1024 1639.328 1639.328 1639.328 1180.301469870581 1180.301469870581 1180.301469870581 73.76884186691132 73.76884186691132 73.76884186691132
 1039248 1024 1780.512 1780.512 1780.512 1195.3752089286677 1195.3752089286677 1195.3752089286677 74.71095055804173 74.71095055804173 74.71095055804173
 1143168 512 976.32 976.32 976.32 1198.9962635201573 1198.9962635201573 1198.9962635201573 74.93726647000983 74.93726647000983 74.93726647000983
 1257480 512 1043.936 1043.936 1043.936 1233.465959599056 1233.465959599056 1233.465959599056 77.091622474941 77.091622474941 77.091622474941
 1383224 512 1043.104 1043.104 1043.104 1357.8908488511213 1357.8908488511213 1357.8908488511213 84.86817805319508 84.86817805319508 84.86817805319508
 1521544 512 1047.264 1047.264 1047.264 1487.744308980353 1487.744308980353 1487.744308980353 92.98401931127206 92.98401931127206 92.98401931127206
 1673696 512 1044.288 1044.288 1044.288 1641.1801188944046 1641.1801188944046 1641.1801188944046 102.57375743090029 102.57375743090029 102.57375743090029
 1841064 512 1175.68 1175.68 1175.68 1603.5396842678276 1603.5396842678276 1603.5396842678276 100.22123026673923 100.22123026673923 100.22123026673923
 2025168 512 1471.744 1471.744 1471.744 1409.0575752304749 1409.0575752304749 1409.0575752304749 88.06609845190468 88.06609845190468 88.06609845190468
 2227680 256 786.56 786.56 786.56 1450.0764849471116 1450.0764849471116 1450.0764849471116 90.62978030919447 90.62978030919447 90.62978030919447
 2450448 256 1014.336 1014.336 1014.336 1236.8972174900625 1236.8972174900625 1236.8972174900625 77.30607609312891 77.30607609312891 77.30607609312891
 2695488 256 1036.16 1036.16 1036.16 1331.927362569487 1331.927362569487 1331.927362569487 83.24546016059294 83.24546016059294 83.24546016059294
 2965032 256 950.016 950.016 950.016 1597.9692805173809 1597.9692805173809 1597.9692805173809 99.8730800323363 99.8730800323363 99.8730800323363
 3261528 256 1183.264 1183.264 1183.264 1411.2677610406472 1411.2677610406472 1411.2677610406472 88.20423506504045 88.20423506504045 88.20423506504045
 3587680 256 1478.752 1478.752 1478.752 1242.1908203674452 1242.1908203674452 1242.1908203674452 77.63692627296533 77.63692627296533 77.63692627296533
 3946448 256 1565.504 1565.504 1565.504 1290.6906504231226 1290.6906504231226 1290.6906504231226 80.66816565144516 80.66816565144516 80.66816565144516
 4341088 128 689.408 689.408 689.408 1611.9896026735983 1611.9896026735983 1611.9896026735983 100.74935016709989 100.74935016709989 100.74935016709989
 4775192 128 1063.104 1063.104 1063.104 1149.8867015832882 1149.8867015832882 1149.8867015832882 71.86791884895551 71.86791884895551 71.86791884895551
 5252704 128 1284.096 1284.096 1284.096 1047.189792663477 1047.189792663477 1047.189792663477 65.44936204146731 65.44936204146731 65.44936204146731
 5777968 128 1466.816 1466.816 1466.816 1008.4153758890002 1008.4153758890002 1008.4153758890002 63.02596099306251 63.02596099306251 63.02596099306251
 6355760 128 2436.48 2436.48 2436.48 667.7972156553717 667.7972156553717 667.7972156553717 41.73732597846073 41.73732597846073 41.73732597846073
 6991336 128 2603.904 2603.904 2603.904 687.3456225728751 687.3456225728751 687.3456225728751 42.95910141080469 42.95910141080469 42.95910141080469
 7690464 128 3352.992 3352.992 3352.992 587.1647722392418 587.1647722392418 587.1647722392418 36.69779826495261 36.69779826495261 36.69779826495261
 8459504 64 1867.008 1867.008 1867.008 579.9742218565748 579.9742218565748 579.9742218565748 36.248388866035924 36.248388866035924 36.248388866035924
 9305448 64 2043.008 2043.008 2043.008 583.011590752459 583.011590752459 583.011590752459 36.43822442202869 36.43822442202869 36.43822442202869
 10235992 64 2307.808 2307.808 2307.808 567.7278941749053 567.7278941749053 567.7278941749053 35.48299338593158 35.48299338593158 35.48299338593158
 11259584 64 2567.104 2567.104 2567.104 561.4212560145596 561.4212560145596 561.4212560145596 35.088828500909976 35.088828500909976 35.088828500909976
 12385536 64 2794.624 2794.624 2794.624 567.2851188567765 567.2851188567765 567.2851188567765 35.45531992854853 35.45531992854853 35.45531992854853
 13624088 64 3077.92 3077.92 3077.92 566.5784893694442 566.5784893694442 566.5784893694442 35.411155585590265 35.411155585590265 35.411155585590265
 14986496 64 3428.864 3428.864 3428.864 559.44811109452 559.44811109452 559.44811109452 34.9655069434075 34.9655069434075 34.9655069434075
 16485144 64 3771.808 3771.808 3771.808 559.43951335805 559.43951335805 559.43951335805 34.964969584878126 34.964969584878126 34.964969584878126
 18133656 32 2153.312 2153.312 2153.312 538.9622980784949 538.9622980784949 538.9622980784949 33.68514362990593 33.68514362990593 33.68514362990593
 19947016 32 2402.464 2402.464 2402.464 531.374881788031 531.374881788031 531.374881788031 33.210930111751935 33.210930111751935 33.210930111751935
 21941712 32 2710.88 2710.88 2710.88 518.012441716343 518.012441716343 518.012441716343 32.37577760727144 32.37577760727144 32.37577760727144
 24135880 32 2976.064 2976.064 2976.064 519.0400206447173 519.0400206447173 519.0400206447173 32.44000129029483 32.44000129029483 32.44000129029483
 26549464 32 3286.4 3286.4 3286.4 517.0294839337877 517.0294839337877 517.0294839337877 32.31434274586173 32.31434274586173 32.31434274586173
 29204408 32 3627.68 3627.68 3627.68 515.2279451329775 515.2279451329775 515.2279451329775 32.201746570811096 32.201746570811096 32.201746570811096
 32124848 32 4021.152 4021.152 4021.152 511.2938461416032 511.2938461416032 511.2938461416032 31.9558653838502 31.9558653838502 31.9558653838502
 35337328 16 2218.048 2218.048 2218.048 509.81515999653755 509.81515999653755 509.81515999653755 31.863447499783597 31.863447499783597 31.863447499783597
 38871056 16 2442.176 2442.176 2442.176 509.3301187138028 509.3301187138028 509.3301187138028 31.833132419612674 31.833132419612674 31.833132419612674
 42758160 16 2670.304 2670.304 2670.304 512.3990077534244 512.3990077534244 512.3990077534244 32.02493798458902 32.02493798458902 32.02493798458902
 47033976 16 2937.728 2937.728 2937.728 512.3303559757744 512.3303559757744 512.3303559757744 32.0206472484859 32.0206472484859 32.0206472484859
 51737368 16 3210.016 3210.016 3210.016 515.7593532244076 515.7593532244076 515.7593532244076 32.234959576525476 32.234959576525476 32.234959576525476
 56911104 16 3601.984 3601.984 3601.984 505.59783941294575 505.59783941294575 505.59783941294575 31.59986496330911 31.59986496330911 31.59986496330911
 62602208 16 3976.704 3976.704 3976.704 503.75151281060903 503.75151281060903 503.75151281060903 31.484469550663064 31.484469550663064 31.484469550663064
 68862424 8 2158.72 2158.72 2158.72 510.3944856211089 510.3944856211089 510.3944856211089 31.899655351319307 31.899655351319307 31.899655351319307
 75748664 8 2398.656 2398.656 2398.656 505.27404679954105 505.27404679954105 505.27404679954105 31.579627924971316 31.579627924971316 31.579627924971316
 83323528 8 2667.52 2667.52 2667.52 499.7812380038387 499.7812380038387 499.7812380038387 31.23632737523992 31.23632737523992 31.23632737523992
 91655880 8 2888.544 2888.544 2888.544 507.69317690850477 507.69317690850477 507.69317690850477 31.730823556781548 31.730823556781548 31.730823556781548
 100821464 8 3163.552 3163.552 3163.552 509.915254751621 509.915254751621 509.915254751621 31.86970342197631 31.86970342197631 31.86970342197631
 110903608 8 3523.488 3523.488 3523.488 503.6082790689226 503.6082790689226 503.6082790689226 31.475517441807664 31.475517441807664 31.475517441807664
 121993968 8 3884.576 3884.576 3884.576 502.475299234717 502.475299234717 502.475299234717 31.404706202169812 31.404706202169812 31.404706202169812
 134193360 8 4253.44 4253.44 4253.44 504.78994884140843 504.78994884140843 504.78994884140843 31.549371802588027 31.549371802588027 31.549371802588027
 147612696 4 2333.312 2333.312 2333.312 506.1052992484503 506.1052992484503 506.1052992484503 31.631581203028144 31.631581203028144 31.631581203028144
 162373960 4 2561.408 2561.408 2561.408 507.13969816600877 507.13969816600877 507.13969816600877 31.696231135375548 31.696231135375548 31.696231135375548
 178611352 4 2852.48 2852.48 2852.48 500.92930222122504 500.92930222122504 500.92930222122504 31.308081388826565 31.308081388826565 31.308081388826565
 196472480 4 3105.568 3105.568 3105.568 506.1167039330647 506.1167039330647 506.1167039330647 31.632293995816543 31.632293995816543 31.632293995816543
 216119728 4 3409.184 3409.184 3409.184 507.14711320949533 507.14711320949533 507.14711320949533 31.696694575593458 31.696694575593458 31.696694575593458
 237731696 4 3790.048 3790.048 3790.048 501.8019740119386 501.8019740119386 501.8019740119386 31.362623375746164 31.362623375746164 31.362623375746164
 261504864 4 4124.288 4124.288 4124.288 507.2485025294064 507.2485025294064 507.2485025294064 31.7030314080879 31.7030314080879 31.7030314080879
 287655344 2 2285.536 2285.536 2285.536 503.43612001736136 503.43612001736136 503.43612001736136 31.464757501085085 31.464757501085085 31.464757501085085
 316420872 2 2522.048 2522.048 2522.048 501.8475017128937 501.8475017128937 501.8475017128937 31.365468857055856 31.365468857055856 31.365468857055856
 348062952 2 2778.688 2778.688 2778.688 501.04646797337443 501.04646797337443 501.04646797337443 31.315404248335902 31.315404248335902 31.315404248335902
 382869240 2 3057.28 3057.28 3057.28 500.92793594306045 500.92793594306045 500.92793594306045 31.307995996441278 31.307995996441278 31.307995996441278
 421156160 2 3354.368 3354.368 3354.368 502.2181943066473 502.2181943066473 502.2181943066473 31.388637144165457 31.388637144165457 31.388637144165457
 463271776 2 3673.504 3673.504 3673.504 504.44673641297254 504.44673641297254 504.44673641297254 31.527921025810784 31.527921025810784 31.527921025810784
 509598952 2 4051.68 4051.68 4051.68 503.0989140307231 503.0989140307231 503.0989140307231 31.443682126920194 31.443682126920194 31.443682126920194
 560558840 1 2227.104 2227.104 2227.104 503.3970932655144 503.3970932655144 503.3970932655144 31.46231832909465 31.46231832909465 31.46231832909465
 616614720 1 2454.4 2454.4 2454.4 502.45658409387215 502.45658409387215 502.45658409387215 31.40353650586701 31.40353650586701 31.40353650586701
 678276192 1 2699.008 2699.008 2699.008 502.61147206677424 502.61147206677424 502.61147206677424 31.41321700417339 31.41321700417339 31.41321700417339
 746103808 1 2978.496 2978.496 2978.496 500.9936612303659 500.9936612303659 500.9936612303659 31.312103826897868 31.312103826897868 31.312103826897868
 820714184 1 3259.712 3259.712 3259.712 503.55011976518165 503.55011976518165 503.55011976518165 31.471882485323853 31.471882485323853 31.471882485323853
 902785600 1 3632.512 3632.512 3632.512 497.05856443144575 497.05856443144575 497.05856443144575 31.06616027696536 31.06616027696536 31.06616027696536
 993064160 1 3978.496 3978.496 3978.496 499.21586448748474 499.21586448748474 499.21586448748474 31.200991530467796 31.200991530467796 31.200991530467796
 
META_DATA
 FLOPS          1
 GPU_BLOCKS     640
 GPU_THREADS    256
 ERT_VERSION  1.1.0
 HOSTNAME  ('kp361.kingspeak.peaks', ['kp361'], ['10.242.2.107'])
 UNAME  uname_result(system='Linux', node='kp361', release='3.10.0-957.27.2.el7.x86_64', version='#1 SMP Mon Jul 29 17:46:05 UTC 2019', machine='x86_64', processor='x86_64')
 TIMESTAMP_DATA  1617136164.299044
 CONFIG  {'ERT_RESULTS': ['Results/Results.kingspeak-p100-gpu.01'], 'ERT_DRIVER': ['driver1'], 'ERT_KERNEL': ['kernel1'], 'ERT_GPU': ['True'], 'ERT_GPU_CFLAGS': ['-x', 'cu', '-arch=sm_60'], 'ERT_GPU_LDFLAGS': [], 'ERT_FLOPS': ['1,64,256,512,1024'], 'ERT_ALIGN': ['32'], 'ERT_CC': ['nvcc'], 'ERT_CFLAGS': ['-O3', '-std=c++11'], 'ERT_LD': ['nvcc'], 'ERT_LDFLAGS': [], 'ERT_LDLIBS': [], 'ERT_RUN': ['srun', '-n', '1', './ERT_CODE'], 'ERT_PRECISION': ['FP64'], 'ERT_BLOCKS_THREADS': ['163840'], 'ERT_GPU_BLOCKS': ['160,320,640,1280,2560'], 'ERT_GPU_THREADS': ['1024,512,256,128,64'], 'ERT_NUM_EXPERIMENTS': ['1'], 'ERT_MEMORY_MAX': ['1073741824'], 'ERT_WORKING_SET_MIN': ['128'], 'ERT_TRIALS_MIN': ['1'], 'ERT_GNUPLOT': ['gnuplot'], 'ERT_MPI': [False], 'ERT_OPENMP': [False], 'ERT_HIP': [False], 'ERT_OCL': [False], 'ERT_SYCL': [False], 'ERT_WSS_MULT': [1.1]}
 