fp64
 1024 1048576 2328160.645 2328160.645 2328160.645 0.9223949612806894 0.9223949612806894 0.9223949612806894 29.51663876098206 29.51663876098206 29.51663876098206
 1120 524288 1192349.609 1192349.609 1192349.609 0.9849503125051976 0.9849503125051976 0.9849503125051976 31.518410000166323 31.518410000166323 31.518410000166323
 1232 524288 1190063.477 1190063.477 1190063.477 1.0855266605245124 1.0855266605245124 1.0855266605245124 34.7368531367844 34.7368531367844 34.7368531367844
 1352 524288 1191978.882 1191978.882 1191978.882 1.1893455273480256 1.1893455273480256 1.1893455273480256 38.05905687513682 38.05905687513682 38.05905687513682
 1480 524288 1194936.89 1194936.89 1194936.89 1.2987233827888602 1.2987233827888602 1.2987233827888602 41.55914824924353 41.55914824924353 41.55914824924353
 1624 524288 1225339.111 1225339.111 1225339.111 1.389727471124522 1.389727471124522 1.389727471124522 44.471279075984704 44.471279075984704 44.471279075984704
 1784 524288 1219561.035 1219561.035 1219561.035 1.5338794290029119 1.5338794290029119 1.5338794290029119 49.08414172809318 49.08414172809318 49.08414172809318
 1960 524288 1230384.644 1230384.644 1230384.644 1.6703792346745183 1.6703792346745183 1.6703792346745183 53.452135509584586 53.452135509584586 53.452135509584586
 2152 262144 654133.85 654133.85 654133.85 1.7248270762933304 1.7248270762933304 1.7248270762933304 55.194466441386574 55.194466441386574 55.194466441386574
 2360 262144 655163.635 655163.635 655163.635 1.8885658695022045 1.8885658695022045 1.8885658695022045 60.434107824070544 60.434107824070544 60.434107824070544
 2592 262144 728440.491 728440.491 728440.491 1.8655669375743142 1.8655669375743142 1.8655669375743142 59.698142002378056 59.698142002378056 59.698142002378056
 2848 262144 728523.376 728523.376 728523.376 2.0495872516793474 2.0495872516793474 2.0495872516793474 65.58679205373912 65.58679205373912 65.58679205373912
 3128 262144 922629.456 922629.456 922629.456 1.7774989226010576 1.7774989226010576 1.7774989226010576 56.87996552323384 56.87996552323384 56.87996552323384
 3440 262144 933251.526 933251.526 933251.526 1.9325451603922694 1.9325451603922694 1.9325451603922694 61.84144513255262 61.84144513255262 61.84144513255262
 3784 262144 1178939.209 1178939.209 1178939.209 1.6827888807623839 1.6827888807623839 1.6827888807623839 53.849244184396284 53.849244184396284 53.849244184396284
 4160 131072 646365.479 646365.479 646365.479 1.6871554490922926 1.6871554490922926 1.6871554490922926 53.988974370953365 53.988974370953365 53.988974370953365
 4576 131072 641578.979 641578.979 641578.979 1.8697167196308655 1.8697167196308655 1.8697167196308655 59.830935028187696 59.830935028187696 59.830935028187696
 5032 131072 720873.169 720873.169 720873.169 1.8298761345631385 1.8298761345631385 1.8298761345631385 58.55603630602043 58.55603630602043 58.55603630602043
 5528 131072 750939.636 750939.636 750939.636 1.9297583487789158 1.9297583487789158 1.9297583487789158 61.75226716092531 61.75226716092531 61.75226716092531
 6080 131072 802197.815 802197.815 802197.815 1.9868360274703567 1.9868360274703567 1.9868360274703567 63.578752879051414 63.578752879051414 63.578752879051414
 6688 131072 931825.012 931825.012 931825.012 1.8814896031144526 1.8814896031144526 1.8814896031144526 60.20766729966248 60.20766729966248 60.20766729966248
 7352 131072 1006106.812 1006106.812 1006106.812 1.9155845731417231 1.9155845731417231 1.9155845731417231 61.29870634053514 61.29870634053514 61.29870634053514
 8080 131072 1075518.433 1075518.433 1075518.433 1.9693976923220247 1.9693976923220247 1.9693976923220247 63.02072615430479 63.02072615430479 63.02072615430479
 8888 65536 537637.817 537637.817 537637.817 2.1668266241025975 2.1668266241025975 2.1668266241025975 69.33845197128312 69.33845197128312 69.33845197128312
 9776 65536 537656.799 537656.799 537656.799 2.3832301095852038 2.3832301095852038 2.3832301095852038 76.26336350672652 76.26336350672652 76.26336350672652
 10752 65536 537619.202 537619.202 537619.202 2.621346370734727 2.621346370734727 2.621346370734727 83.88308386351126 83.88308386351126 83.88308386351126
 11824 65536 537697.998 537697.998 537697.998 2.882278404912342 2.882278404912342 2.882278404912342 92.23290895719495 92.23290895719495 92.23290895719495
 13000 65536 537840.271 537840.271 537840.271 3.1681078786307544 3.1681078786307544 3.1681078786307544 101.37945211618414 101.37945211618414 101.37945211618414
 14296 65536 537908.63 537908.63 537908.63 3.483501114306346 3.483501114306346 3.483501114306346 111.47203565780308 111.47203565780308 111.47203565780308
 15720 65536 537617.981 537617.981 537617.981 3.832557527498322 3.832557527498322 3.832557527498322 122.6418408799463 122.6418408799463 122.6418408799463
 17288 32768 269048.462 269048.462 269048.462 4.2110865811230695 4.2110865811230695 4.2110865811230695 134.75477059593823 134.75477059593823 134.75477059593823
 19016 32768 269065.887 269065.887 269065.887 4.631700398348899 4.631700398348899 4.631700398348899 148.21441274716477 148.21441274716477 148.21441274716477
 20912 32768 269051.025 269051.025 269051.025 5.093787812181723 5.093787812181723 5.093787812181723 163.00120998981512 163.00120998981512 163.00120998981512
 23000 32768 268989.38 268989.38 268989.38 5.603671044559454 5.603671044559454 5.603671044559454 179.31747342590253 179.31747342590253 179.31747342590253
 25296 32768 269067.047 269067.047 269067.047 6.161284610969101 6.161284610969101 6.161284610969101 197.16110755101124 197.16110755101124 197.16110755101124
 27824 32768 269014.557 269014.557 269014.557 6.7783456937611 6.7783456937611 6.7783456937611 216.9070622003552 216.9070622003552 216.9070622003552
 30600 32768 269012.36 269012.36 269012.36 7.454682007919636 7.454682007919636 7.454682007919636 238.54982425342834 238.54982425342834 238.54982425342834
 33656 16384 134500.793 134500.793 134500.793 8.19950413229162 8.19950413229162 8.19950413229162 262.38413223333185 262.38413223333185 262.38413223333185
 37016 16384 134541.702 134541.702 134541.702 9.015348178068983 9.015348178068983 9.015348178068983 288.49114169820746 288.49114169820746 288.49114169820746
 40712 16384 134587.875 134587.875 134587.875 9.912117387989074 9.912117387989074 9.912117387989074 317.18775641565037 317.18775641565037 317.18775641565037
 44776 16384 134630.753 134630.753 134630.753 10.898104150097119 10.898104150097119 10.898104150097119 348.7393328031078 348.7393328031078 348.7393328031078
 49248 16384 134562.042 134562.042 134562.042 11.99267222772972 11.99267222772972 11.99267222772972 383.76551128735105 383.76551128735105 383.76551128735105
 54168 16384 134532.867 134532.867 134532.867 13.193631144425101 13.193631144425101 13.193631144425101 422.19619662160324 422.19619662160324 422.19619662160324
 59584 16384 134535.553 134535.553 134535.553 14.512509656090684 14.512509656090684 14.512509656090684 464.4003089949019 464.4003089949019 464.4003089949019
 65536 16384 134543.93 134543.93 134543.93 15.961207971255188 15.961207971255188 15.961207971255188 510.758655080166 510.758655080166 510.758655080166
 72088 8192 67277.794 67277.794 67277.794 17.55541794369774 17.55541794369774 17.55541794369774 561.7733741983277 561.7733741983277 561.7733741983277
 79296 8192 67264.992 67264.992 67264.992 19.314440177142963 19.314440177142963 19.314440177142963 618.0620856685748 618.0620856685748 618.0620856685748
 87224 8192 67328.926 67328.926 67328.926 21.22532024348643 21.22532024348643 21.22532024348643 679.2102477915657 679.2102477915657 679.2102477915657
 95944 8192 67311.264 67311.264 67311.264 23.353394403646917 23.353394403646917 23.353394403646917 747.3086209167013 747.3086209167013 747.3086209167013
 105536 8192 67292.831 67292.831 67292.831 25.69518622273448 25.69518622273448 25.69518622273448 822.2459591275034 822.2459591275034 822.2459591275034
 116088 8192 67330.399 67330.399 67330.399 28.2485447917812 28.2485447917812 28.2485447917812 903.9534333369984 903.9534333369984 903.9534333369984
 127696 8192 67326.302 67326.302 67326.302 31.07509549536822 31.07509549536822 31.07509549536822 994.403055851783 994.403055851783 994.403055851783
 140464 4096 34277.634 34277.634 34277.634 33.569443211862286 33.569443211862286 33.569443211862286 1074.2221827795931 1074.2221827795931 1074.2221827795931
 154504 4096 33667.168 33667.168 33667.168 37.594393683484164 37.594393683484164 37.594393683484164 1203.0205978714932 1203.0205978714932 1203.0205978714932
 169952 4096 33668.289 33668.289 33668.289 41.35187220235635 41.35187220235635 41.35187220235635 1323.259910475403 1323.259910475403 1323.259910475403
 186944 4096 34300.32 34300.32 34300.32 44.64813296202484 44.64813296202484 44.64813296202484 1428.7402547847948 1428.7402547847948 1428.7402547847948
 205632 4096 34255.81 34255.81 34255.81 49.17523024561381 49.17523024561381 49.17523024561381 1573.607367859642 1573.607367859642 1573.607367859642
 226192 4096 34275.36 34275.36 34275.36 54.06113499610216 54.06113499610216 54.06113499610216 1729.9563198752692 1729.9563198752692 1729.9563198752692
 248808 4096 34281.376 34281.376 34281.376 59.45604797193672 59.45604797193672 59.45604797193672 1902.593535101975 1902.593535101975 1902.593535101975
 273688 2048 17146.976 17146.976 17146.976 65.37747810459408 65.37747810459408 65.37747810459408 2092.0792993470104 2092.0792993470104 2092.0792993470104
 301056 2048 17149.887 17149.887 17149.887 71.9028280477883 71.9028280477883 71.9028280477883 2300.8904975292257 2300.8904975292257 2300.8904975292257
 331160 2048 17156.832 17156.832 17156.832 79.06071237393944 79.06071237393944 79.06071237393944 2529.942795966062 2529.942795966062 2529.942795966062
 364272 2048 17160.32 17160.32 17160.32 86.94815201581324 86.94815201581324 86.94815201581324 2782.3408645060235 2782.3408645060235 2782.3408645060235
 400696 2048 17164.385 17164.385 17164.385 95.61955269588745 95.61955269588745 95.61955269588745 3059.8256862683984 3059.8256862683984 3059.8256862683984
 440760 2048 17155.169 17155.169 17155.169 105.23667589634354 105.23667589634354 105.23667589634354 3367.5736286829933 3367.5736286829933 3367.5736286829933
 484832 2048 33210.945 33210.945 33210.945 59.79570506048533 59.79570506048533 59.79570506048533 1913.4625619355306 1913.4625619355306 1913.4625619355306
 533312 1024 16616.159 16616.159 16616.159 65.73257850987103 65.73257850987103 65.73257850987103 2103.442512315873 2103.442512315873 2103.442512315873
 586640 1024 16622.849 16622.849 16622.849 72.27634203980317 72.27634203980317 72.27634203980317 2312.8429452737014 2312.8429452737014 2312.8429452737014
 645304 1024 16623.936 16623.936 16623.936 79.49877766613152 79.49877766613152 79.49877766613152 2543.9608853162085 2543.9608853162085 2543.9608853162085
 709832 1024 16615.52 16615.52 16615.52 87.49265361541498 87.49265361541498 87.49265361541498 2799.7649156932794 2799.7649156932794 2799.7649156932794
 780808 1024 16620.384 16620.384 16620.384 96.2128663212595 96.2128663212595 96.2128663212595 3078.811722280304 3078.811722280304 3078.811722280304
 858888 1024 16624.544 16624.544 16624.544 105.80757126330803 105.80757126330803 105.80757126330803 3385.842280425857 3385.842280425857 3385.842280425857
 944776 1024 24749.439 24749.439 24749.439 78.17960027295973 78.17960027295973 78.17960027295973 2501.7472087347114 2501.7472087347114 2501.7472087347114
 1039248 1024 24748.545 24748.545 24748.545 86.00020340589721 86.00020340589721 86.00020340589721 2752.0065089887107 2752.0065089887107 2752.0065089887107
 1143168 512 12384.352 12384.352 12384.352 94.52283268434229 94.52283268434229 94.52283268434229 3024.7306458989533 3024.7306458989533 3024.7306458989533
 1257480 512 12387.648 12387.648 12387.648 103.94705435608117 103.94705435608117 103.94705435608117 3326.3057393945974 3326.3057393945974 3326.3057393945974
 1383224 512 16562.977 16562.977 16562.977 85.51731829368597 85.51731829368597 85.51731829368597 2736.554185397951 2736.554185397951 2736.554185397951
 1521544 512 16573.12 16573.12 16573.12 94.01133015388774 94.01133015388774 94.01133015388774 3008.3625649244077 3008.3625649244077 3008.3625649244077
 1673696 512 17847.521 17847.521 17847.521 96.02816570435748 96.02816570435748 96.02816570435748 3072.9013025394393 3072.9013025394393 3072.9013025394393
 1841064 512 19546.816 19546.816 19546.816 96.44790926563181 96.44790926563181 96.44790926563181 3086.333096500218 3086.333096500218 3086.333096500218
 2025168 512 20663.296 20663.296 20663.296 100.36017642103177 100.36017642103177 100.36017642103177 3211.5256454730165 3211.5256454730165 3211.5256454730165
 2227680 256 10458.304 10458.304 10458.304 109.05899847623478 109.05899847623478 109.05899847623478 3489.887951239513 3489.887951239513 3489.887951239513
 2450448 256 13632.288 13632.288 13632.288 92.03366126067759 92.03366126067759 92.03366126067759 2945.077160341683 2945.077160341683 2945.077160341683
 2695488 256 18229.12 18229.12 18229.12 75.70798019871502 75.70798019871502 75.70798019871502 2422.6553663588807 2422.6553663588807 2422.6553663588807
 2965032 256 18233.343 18233.343 18233.343 83.2593553469597 83.2593553469597 83.2593553469597 2664.29937110271 2664.29937110271 2664.29937110271
 3261528 256 20499.456 20499.456 20499.456 81.46081222838305 81.46081222838305 81.46081222838305 2606.7459913082575 2606.7459913082575 2606.7459913082575
 3587680 256 20413.601 20413.601 20413.601 89.98373976252402 89.98373976252402 89.98373976252402 2879.479672400769 2879.479672400769 2879.479672400769
 3946448 256 22735.68 22735.68 22735.68 88.87270475305775 88.87270475305775 88.87270475305775 2843.926552097848 2843.926552097848 2843.926552097848
 4341088 128 13665.984 13665.984 13665.984 81.32005188942121 81.32005188942121 81.32005188942121 2602.2416604614787 2602.2416604614787 2602.2416604614787
 4775192 128 14780.0 14780.0 14780.0 82.70968552097429 82.70968552097429 82.70968552097429 2646.7099366711773 2646.7099366711773 2646.7099366711773
 5252704 128 14175.328 14175.328 14175.328 94.8614539289673 94.8614539289673 94.8614539289673 3035.5665257269534 3035.5665257269534 3035.5665257269534
 5777968 128 15911.744 15911.744 15911.744 92.96025677637849 92.96025677637849 92.96025677637849 2974.7282168441116 2974.7282168441116 2974.7282168441116
 6355760 128 16991.327 16991.327 16991.327 95.75912228632879 95.75912228632879 95.75912228632879 3064.2919131625213 3064.2919131625213 3064.2919131625213
 6991336 128 23239.391 23239.391 23239.391 77.01501368947233 77.01501368947233 77.01501368947233 2464.4804380631144 2464.4804380631144 2464.4804380631144
 7690464 128 20372.929 20372.929 20372.929 96.63602047599537 96.63602047599537 96.63602047599537 3092.3526552318517 3092.3526552318517 3092.3526552318517
 8459504 64 12256.832 12256.832 12256.832 88.34391399017298 88.34391399017298 88.34391399017298 2827.0052476855353 2827.0052476855353 2827.0052476855353
 9305448 64 12492.48 12492.48 12492.48 95.34514716053177 95.34514716053177 95.34514716053177 3051.0447091370165 3051.0447091370165 3051.0447091370165
 10235992 64 13576.832 13576.832 13576.832 96.50314417973205 96.50314417973205 96.50314417973205 3088.1006137514255 3088.1006137514255 3088.1006137514255
 11259584 64 18755.264 18755.264 18755.264 76.8438531177167 76.8438531177167 76.8438531177167 2459.0032997669346 2459.0032997669346 2459.0032997669346
 12385536 64 16448.864 16448.864 16448.864 96.38043137811827 96.38043137811827 96.38043137811827 3084.173804099785 3084.173804099785 3084.173804099785
 13624088 64 18145.439 18145.439 18145.439 96.10587343739658 96.10587343739658 96.10587343739658 3075.3879499966906 3075.3879499966906 3075.3879499966906
 14986496 64 19842.272 19842.272 19842.272 96.67600000645086 96.67600000645086 96.67600000645086 3093.6320002064276 3093.6320002064276 3093.6320002064276
 16485144 64 27817.823 27817.823 27817.823 75.85419002773868 75.85419002773868 75.85419002773868 2427.334080887638 2427.334080887638 2427.334080887638
 18133656 32 11861.088 11861.088 11861.088 97.84549140854533 97.84549140854533 97.84549140854533 3131.0557250734505 3131.0557250734505 3131.0557250734505
 19947016 32 13035.232 13035.232 13035.232 97.93527449300481 97.93527449300481 97.93527449300481 3133.928783776154 3133.928783776154 3133.928783776154
 21941712 32 14394.496 14394.496 14394.496 97.55600807419725 97.55600807419725 97.55600807419725 3121.792258374312 3121.792258374312 3121.792258374312
 24135880 32 17035.007 17035.007 17035.007 90.67776256270395 90.67776256270395 90.67776256270395 2901.6884020065263 2901.6884020065263 2901.6884020065263
 26549464 32 17260.288 17260.288 17260.288 98.4436468267505 98.4436468267505 98.4436468267505 3150.196698456016 3150.196698456016 3150.196698456016
 29204408 32 18946.848 18946.848 18946.848 98.64870990678766 98.64870990678766 98.64870990678766 3156.758717017205 3156.758717017205 3156.758717017205
 32124848 32 20882.721 20882.721 20882.721 98.45413689145202 98.45413689145202 98.45413689145202 3150.5323805264647 3150.5323805264647 3150.5323805264647
 35337328 16 11438.88 11438.88 11438.88 98.85535087351211 98.85535087351211 98.85535087351211 3163.3712279523875 3163.3712279523875 3163.3712279523875
 38871056 16 13663.648 13663.648 13663.648 91.03526320350174 91.03526320350174 91.03526320350174 2913.1284225120557 2913.1284225120557 2913.1284225120557
 42758160 16 13838.688 13838.688 13838.688 98.8721705410224 98.8721705410224 98.8721705410224 3163.9094573127168 3163.9094573127168 3163.9094573127168
 47033976 16 15254.944 15254.944 15254.944 98.66225874051062 98.66225874051062 98.66225874051062 3157.19227969634 3157.19227969634 3157.19227969634
 51737368 16 16802.368 16802.368 16802.368 98.53347909056629 98.53347909056629 98.53347909056629 3153.0713308981212 3153.0713308981212 3153.0713308981212
 56911104 16 18492.767 18492.767 18492.767 98.4793312974743 98.4793312974743 98.4793312974743 3151.3386015191777 3151.3386015191777 3151.3386015191777
 62602208 16 20954.432 20954.432 20954.432 95.60128644861383 95.60128644861383 95.60128644861383 3059.2411663556427 3059.2411663556427 3059.2411663556427
 68862424 8 11173.92 11173.92 11173.92 98.6044990477827 98.6044990477827 98.6044990477827 3155.3439695290463 3155.3439695290463 3155.3439695290463
 75748664 8 12313.664 12313.664 12313.664 98.42550714393376 98.42550714393376 98.42550714393376 3149.61622860588 3149.61622860588 3149.61622860588
 83323528 8 13520.288 13520.288 13520.288 98.60562496893556 98.60562496893556 98.60562496893556 3155.379999005938 3155.379999005938 3155.379999005938
 91655880 8 14864.928 14864.928 14864.928 98.65463727775877 98.65463727775877 98.65463727775877 3156.9483928882805 3156.9483928882805 3156.9483928882805
 100821464 8 16356.928 16356.928 16356.928 98.6214174201904 98.6214174201904 98.6214174201904 3155.8853574460927 3155.8853574460927 3155.8853574460927
 110903608 8 17987.104 17987.104 17987.104 98.6516633250133 98.6516633250133 98.6516633250133 3156.8532264004257 3156.8532264004257 3156.8532264004257
 121993968 8 19808.672 19808.672 19808.672 98.53782666500813 98.53782666500813 98.53782666500813 3153.21045328026 3153.21045328026 3153.21045328026
 134193360 8 21781.824 21781.824 21781.824 98.57272558992305 98.57272558992305 98.57272558992305 3154.3272188775377 3154.3272188775377 3154.3272188775377
 147612696 4 11984.928 11984.928 11984.928 98.53222046890893 98.53222046890893 98.53222046890893 3153.031055005086 3153.031055005086 3153.031055005086
 162373960 4 13176.032 13176.032 13176.032 98.58747155441033 98.58747155441033 98.58747155441033 3154.7990897411305 3154.7990897411305 3154.7990897411305
 178611352 4 14488.736 14488.736 14488.736 98.62080556923668 98.62080556923668 98.62080556923668 3155.8657782155738 3155.8657782155738 3155.8657782155738
 196472480 4 15943.104 15943.104 15943.104 98.58681471311986 98.58681471311986 98.58681471311986 3154.7780708198356 3154.7780708198356 3154.7780708198356
 216119728 4 17542.816 17542.816 17542.816 98.55645889462673 98.55645889462673 98.55645889462673 3153.8066846280553 3153.8066846280553 3153.8066846280553
 237731696 4 19287.489 19287.489 19287.489 98.60555554950672 98.60555554950672 98.60555554950672 3155.377777584215 3155.377777584215 3155.377777584215
 261504864 4 22990.496 22990.496 22990.496 90.9958146183536 90.9958146183536 90.9958146183536 2911.8660677873154 2911.8660677873154 2911.8660677873154
 287655344 2 11673.632 11673.632 11673.632 98.56584274714159 98.56584274714159 98.56584274714159 3154.106967908531 3154.106967908531 3154.106967908531
 316420872 2 12845.472 12845.472 12845.472 98.53148938396347 98.53148938396347 98.53148938396347 3153.007660286831 3153.007660286831 3153.007660286831
 348062952 2 14112.384 14112.384 14112.384 98.65461484041249 98.65461484041249 98.65461484041249 3156.9476748931997 3156.9476748931997 3156.9476748931997
 382869240 2 15530.4 15530.4 15530.4 98.61155926441045 98.61155926441045 98.61155926441045 3155.5698964611342 3155.5698964611342 3155.5698964611342
 421156160 2 17069.153 17069.153 17069.153 98.69409688928326 98.69409688928326 98.69409688928326 3158.2111004570643 3158.2111004570643 3158.2111004570643
 463271776 2 18790.176 18790.176 18790.176 98.61999717299084 98.61999717299084 98.61999717299084 3155.8399095357067 3155.8399095357067 3155.8399095357067
 509598952 2 20663.872 20663.872 20663.872 98.64539462884788 98.64539462884788 98.64539462884788 3156.652628123132 3156.652628123132 3156.652628123132
 560558840 1 10342.336 10342.336 10342.336 108.40081776496143 108.40081776496143 108.40081776496143 3468.826168478766 3468.826168478766 3468.826168478766
 616614720 1 11318.464 11318.464 11318.464 108.95731434936754 108.95731434936754 108.95731434936754 3486.634059179761 3486.634059179761 3486.634059179761
 678276192 1 12454.368 12454.368 12454.368 108.9218163458796 108.9218163458796 108.9218163458796 3485.4981230681474 3485.4981230681474 3485.4981230681474
 746103808 1 13689.152 13689.152 13689.152 109.00657805538283 109.00657805538283 109.00657805538283 3488.2104977722506 3488.2104977722506 3488.2104977722506
 820714184 1 15051.296 15051.296 15051.296 109.05561673891735 109.05561673891735 109.05561673891735 3489.7797356453552 3489.7797356453552 3489.7797356453552
 902785600 1 16553.345 16553.345 16553.345 109.07591184742418 109.07591184742418 109.07591184742418 3490.4291791175738 3490.4291791175738 3490.4291791175738
 993064160 1 18201.632 18201.632 18201.632 109.11814501029356 109.11814501029356 109.11814501029356 3491.780640329394 3491.780640329394 3491.780640329394
 
META_DATA
 FLOPS          512
 GPU_BLOCKS     160
 GPU_THREADS    1024
 ERT_VERSION  1.1.0
 HOSTNAME  ('kp361.kingspeak.peaks', ['kp361'], ['10.242.2.107'])
 UNAME  uname_result(system='Linux', node='kp361', release='3.10.0-957.27.2.el7.x86_64', version='#1 SMP Mon Jul 29 17:46:05 UTC 2019', machine='x86_64', processor='x86_64')
 TIMESTAMP_DATA  1617136745.3300142
 CONFIG  {'ERT_RESULTS': ['Results/Results.kingspeak-p100-gpu.01'], 'ERT_DRIVER': ['driver1'], 'ERT_KERNEL': ['kernel1'], 'ERT_GPU': ['True'], 'ERT_GPU_CFLAGS': ['-x', 'cu', '-arch=sm_60'], 'ERT_GPU_LDFLAGS': [], 'ERT_FLOPS': ['1,64,256,512,1024'], 'ERT_ALIGN': ['32'], 'ERT_CC': ['nvcc'], 'ERT_CFLAGS': ['-O3', '-std=c++11'], 'ERT_LD': ['nvcc'], 'ERT_LDFLAGS': [], 'ERT_LDLIBS': [], 'ERT_RUN': ['srun', '-n', '1', './ERT_CODE'], 'ERT_PRECISION': ['FP64'], 'ERT_BLOCKS_THREADS': ['163840'], 'ERT_GPU_BLOCKS': ['160,320,640,1280,2560'], 'ERT_GPU_THREADS': ['1024,512,256,128,64'], 'ERT_NUM_EXPERIMENTS': ['1'], 'ERT_MEMORY_MAX': ['1073741824'], 'ERT_WORKING_SET_MIN': ['128'], 'ERT_TRIALS_MIN': ['1'], 'ERT_GNUPLOT': ['gnuplot'], 'ERT_MPI': [False], 'ERT_OPENMP': [False], 'ERT_HIP': [False], 'ERT_OCL': [False], 'ERT_SYCL': [False], 'ERT_WSS_MULT': [1.1]}
 