fp64
 1024 1048576 1520061.89 1520061.89 1520061.89 1.4127606659489373 1.4127606659489373 1.4127606659489373 22.604170655182998 22.604170655182998 22.604170655182998
 1120 524288 773058.044 773058.044 773058.044 1.5191681001381574 1.5191681001381574 1.5191681001381574 24.30668960221052 24.30668960221052 24.30668960221052
 1232 524288 775000.732 775000.732 775000.732 1.6668960152672476 1.6668960152672476 1.6668960152672476 26.670336244275962 26.670336244275962 26.670336244275962
 1352 524288 776703.064 776703.064 776703.064 1.8252467612256 1.8252467612256 1.8252467612256 29.2039481796096 29.2039481796096 29.2039481796096
 1480 524288 775885.742 775885.742 775885.742 2.0001559456418008 2.0001559456418008 2.0001559456418008 32.00249513026881 32.00249513026881 32.00249513026881
 1624 524288 789351.746 789351.746 789351.746 2.157323946680673 2.157323946680673 2.157323946680673 34.517183146890765 34.517183146890765 34.517183146890765
 1784 524288 790443.97 790443.97 790443.97 2.366593528444527 2.366593528444527 2.366593528444527 37.865496455112435 37.865496455112435 37.865496455112435
 1960 524288 790825.012 790825.012 790825.012 2.598816335869761 2.598816335869761 2.598816335869761 41.58106137391618 41.58106137391618 41.58106137391618
 2152 262144 408937.225 408937.225 408937.225 2.7590243857110344 2.7590243857110344 2.7590243857110344 44.14439017137655 44.14439017137655 44.14439017137655
 2360 262144 409893.127 409893.127 409893.127 3.018639734352023 3.018639734352023 3.018639734352023 48.29823574963237 48.29823574963237 48.29823574963237
 2592 262144 434233.246 434233.246 434233.246 3.129549633792895 3.129549633792895 3.129549633792895 50.07279414068632 50.07279414068632 50.07279414068632
 2848 262144 434503.296 434503.296 434503.296 3.4365037912163503 3.4365037912163503 3.4365037912163503 54.984060659461605 54.984060659461605 54.984060659461605
 3128 262144 501415.161 501415.161 501415.161 3.270688626026607 3.270688626026607 3.270688626026607 52.33101801642571 52.33101801642571 52.33101801642571
 3440 262144 508454.041 508454.041 508454.041 3.5471263370291513 3.5471263370291513 3.5471263370291513 56.75402139246642 56.75402139246642 56.75402139246642
 3784 262144 638753.296 638753.296 638753.296 3.1059030214381864 3.1059030214381864 3.1059030214381864 49.69444834301098 49.69444834301098 49.69444834301098
 4160 131072 349532.44 349532.44 349532.44 3.1199365644001453 3.1199365644001453 3.1199365644001453 49.918985030402325 49.918985030402325 49.918985030402325
 4576 131072 346234.07 346234.07 346234.07 3.464624217945969 3.464624217945969 3.464624217945969 55.433987487135504 55.433987487135504 55.433987487135504
 5032 131072 380225.769 380225.769 380225.769 3.469277244068116 3.469277244068116 3.469277244068116 55.508435905089854 55.508435905089854 55.508435905089854
 5528 131072 404929.932 404929.932 404929.932 3.578722928291703 3.578722928291703 3.578722928291703 57.25956685266725 57.25956685266725 57.25956685266725
 6080 131072 425782.379 425782.379 425782.379 3.7433101946193976 3.7433101946193976 3.7433101946193976 59.89296311391036 59.89296311391036 59.89296311391036
 6688 131072 480938.171 480938.171 480938.171 3.6454146867872548 3.6454146867872548 3.6454146867872548 58.326634988596076 58.326634988596076 58.326634988596076
 7352 131072 518914.001 518914.001 518914.001 3.7140695457935817 3.7140695457935817 3.7140695457935817 59.42511273269731 59.42511273269731 59.42511273269731
 8080 131072 556023.865 556023.865 556023.865 3.809411166191581 3.809411166191581 3.809411166191581 60.95057865906529 60.95057865906529 60.95057865906529
 8888 65536 277993.713 277993.713 277993.713 4.19062691536481 4.19062691536481 4.19062691536481 67.05003064583696 67.05003064583696 67.05003064583696
 9776 65536 278045.349 278045.349 278045.349 4.608456414065031 4.608456414065031 4.608456414065031 73.73530262504049 73.73530262504049 73.73530262504049
 10752 65536 278034.271 278034.271 278034.271 5.068749758550449 5.068749758550449 5.068749758550449 81.09999613680718 81.09999613680718 81.09999613680718
 11824 65536 278117.859 278117.859 278117.859 5.572440883776543 5.572440883776543 5.572440883776543 89.15905414042469 89.15905414042469 89.15905414042469
 13000 65536 278187.073 278187.073 278187.073 6.125144427541391 6.125144427541391 6.125144427541391 98.00231084066226 98.00231084066226 98.00231084066226
 14296 65536 277977.753 277977.753 277977.753 6.740846315136592 6.740846315136592 6.740846315136592 107.85354104218547 107.85354104218547 107.85354104218547
 15720 65536 277942.413 277942.413 277942.413 7.413232898715605 7.413232898715605 7.413232898715605 118.61172637944968 118.61172637944968 118.61172637944968
 17288 32768 139019.974 139019.974 139019.974 8.149809954647237 8.149809954647237 8.149809954647237 130.3969592743558 130.3969592743558 130.3969592743558
 19016 32768 138999.802 138999.802 138999.802 8.965714756917423 8.965714756917423 8.965714756917423 143.45143611067877 143.45143611067877 143.45143611067877
 20912 32768 139067.398 139067.398 139067.398 9.85485348622112 9.85485348622112 9.85485348622112 157.67765577953793 157.67765577953793 157.67765577953793
 23000 32768 139102.051 139102.051 139102.051 10.836130662084917 10.836130662084917 10.836130662084917 173.37809059335868 173.37809059335868 173.37809059335868
 25296 32768 139066.208 139066.208 139066.208 11.920930899331056 11.920930899331056 11.920930899331056 190.7348943892969 190.7348943892969 190.7348943892969
 27824 32768 139079.834 139079.834 139079.834 13.110985335228397 13.110985335228397 13.110985335228397 209.77576536365436 209.77576536365436 209.77576536365436
 30600 32768 139089.157 139089.157 139089.157 14.418101620962442 14.418101620962442 14.418101620962442 230.68962593539908 230.68962593539908 230.68962593539908
 33656 16384 69574.783 69574.783 69574.783 15.851142618727247 15.851142618727247 15.851142618727247 253.61828189963595 253.61828189963595 253.61828189963595
 37016 16384 69553.825 69553.825 69553.825 17.43887252785882 17.43887252785882 17.43887252785882 279.0219604457411 279.0219604457411 279.0219604457411
 40712 16384 69534.05 69534.05 69534.05 19.185576217694784 19.185576217694784 19.185576217694784 306.96921948311655 306.96921948311655 306.96921948311655
 44776 16384 69549.858 69549.858 69549.858 21.095944840031162 21.095944840031162 21.095944840031162 337.5351174404986 337.5351174404986 337.5351174404986
 49248 16384 69538.109 69538.109 69538.109 23.206821226616903 23.206821226616903 23.206821226616903 371.30913962587044 371.30913962587044 371.30913962587044
 54168 16384 69551.521 69551.521 69551.521 25.520319304016375 25.520319304016375 25.520319304016375 408.325108864262 408.325108864262 408.325108864262
 59584 16384 69569.504 69569.504 69569.504 28.064718012076092 28.064718012076092 28.064718012076092 449.0354881932175 449.0354881932175 449.0354881932175
 65536 16384 69569.183 69569.183 69569.183 30.86831777225269 30.86831777225269 30.86831777225269 493.89308435604306 493.89308435604306 493.89308435604306
 72088 8192 34785.984 34785.984 34785.984 33.953036717316955 33.953036717316955 33.953036717316955 543.2485874770713 543.2485874770713 543.2485874770713
 79296 8192 34787.296 34787.296 34787.296 37.34655501824574 37.34655501824574 37.34655501824574 597.5448802919318 597.5448802919318 597.5448802919318
 87224 8192 34768.608 34768.608 34768.608 41.102537553416006 41.102537553416006 41.102537553416006 657.6406008546561 657.6406008546561 657.6406008546561
 95944 8192 34785.599 34785.599 34785.599 45.18957675559935 45.18957675559935 45.18957675559935 723.0332280895896 723.0332280895896 723.0332280895896
 105536 8192 34791.904 34791.904 34791.904 49.698396040642095 49.698396040642095 49.698396040642095 795.1743366502735 795.1743366502735 795.1743366502735
 116088 8192 34800.255 34800.255 34800.255 54.65436365336979 54.65436365336979 54.65436365336979 874.4698184539167 874.4698184539167 874.4698184539167
 127696 8192 34792.351 34792.351 34792.351 60.133081090151116 60.133081090151116 60.133081090151116 962.1292974424179 962.1292974424179 962.1292974424179
 140464 4096 17393.921 17393.921 17393.921 66.15420916307485 66.15420916307485 66.15420916307485 1058.4673466091976 1058.4673466091976 1058.4673466091976
 154504 4096 17407.455 17407.455 17407.455 72.71004107148345 72.71004107148345 72.71004107148345 1163.3606571437351 1163.3606571437351 1163.3606571437351
 169952 4096 17400.991 17400.991 17400.991 80.00962611842048 80.00962611842048 80.00962611842048 1280.1540178947278 1280.1540178947278 1280.1540178947278
 186944 4096 17404.257 17404.257 17404.257 87.99256687602347 87.99256687602347 87.99256687602347 1407.8810700163756 1407.8810700163756 1407.8810700163756
 205632 4096 17401.953 17401.953 17401.953 96.80162588647377 96.80162588647377 96.80162588647377 1548.8260141835804 1548.8260141835804 1548.8260141835804
 226192 4096 18054.625 18054.625 18054.625 102.6310357595353 102.6310357595353 102.6310357595353 1642.0965721525647 1642.0965721525647 1642.0965721525647
 248808 4096 18069.664 18069.664 18069.664 112.79872918500311 112.79872918500311 112.79872918500311 1804.7796669600498 1804.7796669600498 1804.7796669600498
 273688 2048 9027.584 9027.584 9027.584 124.17785843920146 124.17785843920146 124.17785843920146 1986.8457350272233 1986.8457350272233 1986.8457350272233
 301056 2048 9035.328 9035.328 9035.328 136.47820820671924 136.47820820671924 136.47820820671924 2183.651331307508 2183.651331307508 2183.651331307508
 331160 2048 9042.592 9042.592 9042.592 150.00470661509442 150.00470661509442 150.00470661509442 2400.0753058415107 2400.0753058415107 2400.0753058415107
 364272 2048 9036.224 9036.224 9036.224 165.11964643638757 165.11964643638757 165.11964643638757 2641.914342982201 2641.914342982201 2641.914342982201
 400696 2048 9036.16 9036.16 9036.16 181.63144698633047 181.63144698633047 181.63144698633047 2906.1031517812876 2906.1031517812876 2906.1031517812876
 440760 2048 9037.856 9037.856 9037.856 199.75456125877642 199.75456125877642 199.75456125877642 3196.0729801404227 3196.0729801404227 3196.0729801404227
 484832 2048 16904.545 16904.545 16904.545 117.47561806602899 117.47561806602899 117.47561806602899 1879.6098890564638 1879.6098890564638 1879.6098890564638
 533312 1024 8456.192 8456.192 8456.192 129.16250908210222 129.16250908210222 129.16250908210222 2066.6001453136355 2066.6001453136355 2066.6001453136355
 586640 1024 8456.896 8456.896 8456.896 142.06615760676257 142.06615760676257 142.06615760676257 2273.058521708201 2273.058521708201 2273.058521708201
 645304 1024 9448.96 9448.96 9448.96 139.86540232999187 139.86540232999187 139.86540232999187 2237.84643727987 2237.84643727987 2237.84643727987
 709832 1024 9348.448 9348.448 9348.448 155.5055915163672 155.5055915163672 155.5055915163672 2488.089464261875 2488.089464261875 2488.089464261875
 780808 1024 9349.568 9349.568 9349.568 171.03408243033263 171.03408243033263 171.03408243033263 2736.545318885322 2736.545318885322 2736.545318885322
 858888 1024 10180.96 10180.96 10180.96 172.77374864452864 172.77374864452864 172.77374864452864 2764.379978312458 2764.379978312458 2764.379978312458
 944776 1024 13859.392 13859.392 13859.392 139.60938892557482 139.60938892557482 139.60938892557482 2233.750222809197 2233.750222809197 2233.750222809197
 1039248 1024 13857.248 13857.248 13857.248 153.59326065319752 153.59326065319752 153.59326065319752 2457.4921704511603 2457.4921704511603 2457.4921704511603
 1143168 512 6938.88 6938.88 6938.88 168.7021582733813 168.7021582733813 168.7021582733813 2699.2345323741006 2699.2345323741006 2699.2345323741006
 1257480 512 6939.84 6939.84 6939.84 185.54599529672154 185.54599529672154 185.54599529672154 2968.7359247475447 2968.7359247475447 2968.7359247475447
 1383224 512 9287.584 9287.584 9287.584 152.50697877941127 152.50697877941127 152.50697877941127 2440.1116604705803 2440.1116604705803 2440.1116604705803
 1521544 512 10114.176 10114.176 10114.176 154.04725565384666 154.04725565384666 154.04725565384666 2464.7560904615466 2464.7560904615466 2464.7560904615466
 1673696 512 9992.48 9992.48 9992.48 171.51545001841384 171.51545001841384 171.51545001841384 2744.2472002946215 2744.2472002946215 2744.2472002946215
 1841064 512 10896.064 10896.064 10896.064 173.02115112392877 173.02115112392877 173.02115112392877 2768.3384179828604 2768.3384179828604 2768.3384179828604
 2025168 512 11538.656 11538.656 11538.656 179.72388049353407 179.72388049353407 179.72388049353407 2875.582087896545 2875.582087896545 2875.582087896545
 2227680 256 5746.496 5746.496 5746.496 198.48132844780542 198.48132844780542 198.48132844780542 3175.701255164887 3175.701255164887 3175.701255164887
 2450448 256 6887.776 6887.776 6887.776 182.1530456275001 182.1530456275001 182.1530456275001 2914.4487300400015 2914.4487300400015 2914.4487300400015
 2695488 256 8676.64 8676.64 8676.64 159.05809806561066 159.05809806561066 159.05809806561066 2544.9295690497706 2544.9295690497706 2544.9295690497706
 2965032 256 9215.936 9215.936 9215.936 164.7251439246106 164.7251439246106 164.7251439246106 2635.6023027937695 2635.6023027937695 2635.6023027937695
 3261528 256 10309.152 10309.152 10309.152 161.98251184966523 161.98251184966523 161.98251184966523 2591.7201895946437 2591.7201895946437 2591.7201895946437
 3587680 256 10280.416 10280.416 10280.416 178.6787772012339 178.6787772012339 178.6787772012339 2858.8604352197426 2858.8604352197426 2858.8604352197426
 3946448 256 11438.24 11438.24 11438.24 176.65142329589168 176.65142329589168 176.65142329589168 2826.422772734267 2826.422772734267 2826.422772734267
 4341088 128 6894.112 6894.112 6894.112 161.1982120394911 161.1982120394911 161.1982120394911 2579.1713926318575 2579.1713926318575 2579.1713926318575
 4775192 128 8095.648 8095.648 8095.648 151.00077868998255 151.00077868998255 151.00077868998255 2416.012459039721 2416.012459039721 2416.012459039721
 5252704 128 7008.672 7008.672 7008.672 191.8612005241507 191.8612005241507 191.8612005241507 3069.779208386411 3069.779208386411 3069.779208386411
 5777968 128 8002.88 8002.88 8002.88 184.8284377624055 184.8284377624055 184.8284377624055 2957.255004198488 2957.255004198488 2957.255004198488
 6355760 128 8545.664 8545.664 8545.664 190.39767535910607 190.39767535910607 190.39767535910607 3046.362805745697 3046.362805745697 3046.362805745697
 6991336 128 11429.632 11429.632 11429.632 156.59139471857011 156.59139471857011 156.59139471857011 2505.462315497122 2505.462315497122 2505.462315497122
 7690464 128 10245.984 10245.984 10245.984 192.14931274536443 192.14931274536443 192.14931274536443 3074.389003925831 3074.389003925831 3074.389003925831
 8459504 64 7634.592 7634.592 7634.592 141.8303050117151 141.8303050117151 141.8303050117151 2269.2848801874416 2269.2848801874416 2269.2848801874416
 9305448 64 6285.056 6285.056 6285.056 189.51260641114413 189.51260641114413 189.51260641114413 3032.201702578306 3032.201702578306 3032.201702578306
 10235992 64 6827.36 6827.36 6827.36 191.90535961191443 191.90535961191443 191.90535961191443 3070.485753790631 3070.485753790631 3070.485753790631
 11259584 64 9444.544 9444.544 9444.544 152.59887105190046 152.59887105190046 152.59887105190046 2441.5819368304074 2441.5819368304074 2441.5819368304074
 12385536 64 8276.0 8276.0 8276.0 191.55976413726438 191.55976413726438 191.55976413726438 3064.95622619623 3064.95622619623 3064.95622619623
 13624088 64 9118.272 9118.272 9118.272 191.25150730313814 191.25150730313814 191.25150730313814 3060.0241168502102 3060.0241168502102 3060.0241168502102
 14986496 64 10815.552 10815.552 10815.552 177.36232861716167 177.36232861716167 177.36232861716167 2837.7972578745866 2837.7972578745866 2837.7972578745866
 16485144 64 10813.856 10813.856 10813.856 195.12914098356774 195.12914098356774 195.12914098356774 3122.066255737084 3122.066255737084 3122.066255737084
 18133656 32 5966.08 5966.08 5966.08 194.52538081956664 194.52538081956664 194.52538081956664 3112.406093113066 3112.406093113066 3112.406093113066
 19947016 32 6553.984 6553.984 6553.984 194.78366501962776 194.78366501962776 194.78366501962776 3116.538640314044 3116.538640314044 3116.538640314044
 21941712 32 7229.248 7229.248 7229.248 194.24835999539647 194.24835999539647 194.24835999539647 3107.9737599263435 3107.9737599263435 3107.9737599263435
 24135880 32 7941.6 7941.6 7941.6 194.50694066686813 194.50694066686813 194.50694066686813 3112.11105066989 3112.11105066989 3112.11105066989
 26549464 32 9376.704 9376.704 9376.704 181.21140392188983 181.21140392188983 181.21140392188983 2899.382462750237 2899.382462750237 2899.382462750237
 29204408 32 9492.608 9492.608 9492.608 196.8986933833147 196.8986933833147 196.8986933833147 3150.3790941330353 3150.3790941330353 3150.3790941330353
 32124848 32 10466.496 10466.496 10466.496 196.4353946153517 196.4353946153517 196.4353946153517 3142.966313845627 3142.966313845627 3142.966313845627
 35337328 16 5754.304 5754.304 5754.304 196.51281823136213 196.51281823136213 196.51281823136213 3144.205091701794 3144.205091701794 3144.205091701794
 38871056 16 6329.312 6329.312 6329.312 196.52590866116253 196.52590866116253 196.52590866116253 3144.4145385786005 3144.4145385786005 3144.4145385786005
 42758160 16 6968.864 6968.864 6968.864 196.33919100731484 196.33919100731484 196.33919100731484 3141.4270561170374 3141.4270561170374 3141.4270561170374
 47033976 16 8230.688 8230.688 8230.688 182.86287027281315 182.86287027281315 182.86287027281315 2925.8059243650105 2925.8059243650105 2925.8059243650105
 51737368 16 8466.976 8466.976 8466.976 195.5356642088037 195.5356642088037 195.5356642088037 3128.570627340859 3128.570627340859 3128.570627340859
 56911104 16 9326.176 9326.176 9326.176 195.27353204571733 195.27353204571733 195.27353204571733 3124.3765127314773 3124.3765127314773 3124.3765127314773
 62602208 16 10267.264 10267.264 10267.264 195.1124131998554 195.1124131998554 195.1124131998554 3121.7986111976866 3121.7986111976866 3121.7986111976866
 68862424 8 5644.096 5644.096 5644.096 195.21262288947605 195.21262288947605 195.21262288947605 3123.401966231617 3123.401966231617 3123.401966231617
 75748664 8 6220.352 6220.352 6220.352 194.84084244750133 194.84084244750133 194.84084244750133 3117.4534791600213 3117.4534791600213 3117.4534791600213
 83323528 8 7360.448 7360.448 7360.448 181.12707922126478 181.12707922126478 181.12707922126478 2898.0332675402365 2898.0332675402365 2898.0332675402365
 91655880 8 7512.448 7512.448 7512.448 195.20854986284095 195.20854986284095 195.20854986284095 3123.3367978054553 3123.3367978054553 3123.3367978054553
 100821464 8 8268.0 8268.0 8268.0 195.10684857281086 195.10684857281086 195.10684857281086 3121.709577164974 3121.709577164974 3121.709577164974
 110903608 8 9080.224 9080.224 9080.224 195.42003897701204 195.42003897701204 195.42003897701204 3126.7206236321927 3126.7206236321927 3126.7206236321927
 121993968 8 10001.408 10001.408 10001.408 195.16286986792258 195.16286986792258 195.16286986792258 3122.6059178867613 3122.6059178867613 3122.6059178867613
 134193360 8 10992.544 10992.544 10992.544 195.3227351193682 195.3227351193682 195.3227351193682 3125.163761909891 3125.163761909891 3125.163761909891
 147612696 4 6535.36 6535.36 6535.36 180.69418792537826 180.69418792537826 180.69418792537826 2891.107006806052 2891.107006806052 2891.107006806052
 162373960 4 6660.992 6660.992 6660.992 195.01474855396916 195.01474855396916 195.01474855396916 3120.2359768635065 3120.2359768635065 3120.2359768635065
 178611352 4 7320.832 7320.832 7320.832 195.18147882645033 195.18147882645033 195.18147882645033 3122.9036612232053 3122.9036612232053 3122.9036612232053
 196472480 4 8055.552 8055.552 8055.552 195.1175835001748 195.1175835001748 195.1175835001748 3121.8813360027966 3121.8813360027966 3121.8813360027966
 216119728 4 8855.168 8855.168 8855.168 195.24844971885346 195.24844971885346 195.24844971885346 3123.9751955016554 3123.9751955016554 3123.9751955016554
 237731696 4 10511.424 10511.424 10511.424 180.93205715990524 180.93205715990524 180.93205715990524 2894.912914558484 2894.912914558484 2894.912914558484
 261504864 4 10711.744 10711.744 10711.744 195.30329626996314 195.30329626996314 195.30329626996314 3124.8527403194103 3124.8527403194103 3124.8527403194103
 287655344 2 5899.872 5899.872 5899.872 195.02480324996878 195.02480324996878 195.02480324996878 3120.3968519995005 3120.3968519995005 3120.3968519995005
 316420872 2 6485.824 6485.824 6485.824 195.14613532528793 195.14613532528793 195.14613532528793 3122.338165204607 3122.338165204607 3122.338165204607
 348062952 2 7138.976 7138.976 7138.976 195.0212198500177 195.0212198500177 195.0212198500177 3120.339517600283 3120.339517600283 3120.339517600283
 382869240 2 8468.032 8468.032 8468.032 180.8539410337609 180.8539410337609 180.8539410337609 2893.6630565401742 2893.6630565401742 2893.6630565401742
 421156160 2 8625.376 8625.376 8625.376 195.31028444441145 195.31028444441145 195.31028444441145 3124.964551110583 3124.964551110583 3124.964551110583
 463271776 2 9486.816 9486.816 9486.816 195.33288133763742 195.33288133763742 195.33288133763742 3125.3261014021987 3125.3261014021987 3125.3261014021987
 509598952 2 10432.384 10432.384 10432.384 195.3911788523122 195.3911788523122 195.3911788523122 3126.2588616369953 3126.2588616369953 3126.2588616369953
 560558840 1 5762.752 5762.752 5762.752 194.54553657696877 194.54553657696877 194.54553657696877 3112.7285852315003 3112.7285852315003 3112.7285852315003
 616614720 1 6331.616 6331.616 6331.616 194.77325219975435 194.77325219975435 194.77325219975435 3116.3720351960696 3116.3720351960696 3116.3720351960696
 678276192 1 6966.816 6966.816 6966.816 194.71626407242562 194.71626407242562 194.71626407242562 3115.46022515881 3115.46022515881 3115.46022515881
 746103808 1 7656.064 7656.064 7656.064 194.90532158560845 194.90532158560845 194.90532158560845 3118.485145369735 3118.485145369735 3118.485145369735
 820714184 1 8014.784 8014.784 8014.784 204.8000754605489 204.8000754605489 204.8000754605489 3276.8012073687823 3276.8012073687823 3276.8012073687823
 902785600 1 8413.216 8413.216 8413.216 214.61129727324243 214.61129727324243 214.61129727324243 3433.780756371879 3433.780756371879 3433.780756371879
 993064160 1 9252.256 9252.256 9252.256 214.66422027233145 214.66422027233145 214.66422027233145 3434.627524357303 3434.627524357303 3434.627524357303
 
META_DATA
 FLOPS          256
 GPU_BLOCKS     160
 GPU_THREADS    1024
 ERT_VERSION  1.1.0
 HOSTNAME  ('kp361.kingspeak.peaks', ['kp361'], ['10.242.2.107'])
 UNAME  uname_result(system='Linux', node='kp361', release='3.10.0-957.27.2.el7.x86_64', version='#1 SMP Mon Jul 29 17:46:05 UTC 2019', machine='x86_64', processor='x86_64')
 TIMESTAMP_DATA  1617136474.9799783
 CONFIG  {'ERT_RESULTS': ['Results/Results.kingspeak-p100-gpu.01'], 'ERT_DRIVER': ['driver1'], 'ERT_KERNEL': ['kernel1'], 'ERT_GPU': ['True'], 'ERT_GPU_CFLAGS': ['-x', 'cu', '-arch=sm_60'], 'ERT_GPU_LDFLAGS': [], 'ERT_FLOPS': ['1,64,256,512,1024'], 'ERT_ALIGN': ['32'], 'ERT_CC': ['nvcc'], 'ERT_CFLAGS': ['-O3', '-std=c++11'], 'ERT_LD': ['nvcc'], 'ERT_LDFLAGS': [], 'ERT_LDLIBS': [], 'ERT_RUN': ['srun', '-n', '1', './ERT_CODE'], 'ERT_PRECISION': ['FP64'], 'ERT_BLOCKS_THREADS': ['163840'], 'ERT_GPU_BLOCKS': ['160,320,640,1280,2560'], 'ERT_GPU_THREADS': ['1024,512,256,128,64'], 'ERT_NUM_EXPERIMENTS': ['1'], 'ERT_MEMORY_MAX': ['1073741824'], 'ERT_WORKING_SET_MIN': ['128'], 'ERT_TRIALS_MIN': ['1'], 'ERT_GNUPLOT': ['gnuplot'], 'ERT_MPI': [False], 'ERT_OPENMP': [False], 'ERT_HIP': [False], 'ERT_OCL': [False], 'ERT_SYCL': [False], 'ERT_WSS_MULT': [1.1]}
 