fp64
 1024 1048576 2440302.734 2440302.734 2440302.734 0.8800070655495974 0.8800070655495974 0.8800070655495974 28.160226097587117 28.160226097587117 28.160226097587117
 1120 524288 1228158.569 1228158.569 1228158.569 0.9562324846670514 0.9562324846670514 0.9562324846670514 30.599439509345643 30.599439509345643 30.599439509345643
 1232 524288 1233424.072 1233424.072 1233424.072 1.047365347674194 1.047365347674194 1.047365347674194 33.51569112557421 33.51569112557421 33.51569112557421
 1352 524288 1233575.439 1233575.439 1233575.439 1.1492404170670263 1.1492404170670263 1.1492404170670263 36.77569334614484 36.77569334614484 36.77569334614484
 1480 524288 1233678.589 1233678.589 1233678.589 1.2579390562804038 1.2579390562804038 1.2579390562804038 40.25404980097292 40.25404980097292 40.25404980097292
 1624 524288 1233312.5 1233312.5 1233312.5 1.3807428563320325 1.3807428563320325 1.3807428563320325 44.18377140262504 44.18377140262504 44.18377140262504
 1784 524288 1233574.219 1233574.219 1233574.219 1.516454831162453 1.516454831162453 1.516454831162453 48.5265545971985 48.5265545971985 48.5265545971985
 1960 524288 1233775.269 1233775.269 1233775.269 1.6657887474643485 1.6657887474643485 1.6657887474643485 53.30523991885915 53.30523991885915 53.30523991885915
 2152 262144 619112.061 619112.061 619112.061 1.8223966985517992 1.8223966985517992 1.8223966985517992 58.316694353657574 58.316694353657574 58.316694353657574
 2360 262144 616521.851 616521.851 616521.851 2.0069356471195046 2.0069356471195046 2.0069356471195046 64.22194070782415 64.22194070782415 64.22194070782415
 2592 262144 621722.595 621722.595 621722.595 2.185789139608156 2.185789139608156 2.185789139608156 69.94525246746099 69.94525246746099 69.94525246746099
 2848 262144 616770.935 616770.935 616770.935 2.42095101968448 2.42095101968448 2.42095101968448 77.47043262990336 77.47043262990336 77.47043262990336
 3128 262144 617920.105 617920.105 617920.105 2.6540208851110294 2.6540208851110294 2.6540208851110294 84.92866832355294 84.92866832355294 84.92866832355294
 3440 262144 619338.623 619338.623 619338.623 2.9120591757443166 2.9120591757443166 2.9120591757443166 93.18589362381813 93.18589362381813 93.18589362381813
 3784 262144 615293.396 615293.396 615293.396 3.2243248585102644 3.2243248585102644 3.2243248585102644 103.17839547232846 103.17839547232846 103.17839547232846
 4160 131072 308899.445 308899.445 308899.445 3.5303366763899495 3.5303366763899495 3.5303366763899495 112.97077364447838 112.97077364447838 112.97077364447838
 4576 131072 310051.331 310051.331 310051.331 3.868943055754855 3.868943055754855 3.868943055754855 123.80617778415537 123.80617778415537 123.80617778415537
 5032 131072 309817.139 309817.139 309817.139 4.25770056575211 4.25770056575211 4.25770056575211 136.24641810406752 136.24641810406752 136.24641810406752
 5528 131072 310098.694 310098.694 310098.694 4.673131683682615 4.673131683682615 4.673131683682615 149.54021387784368 149.54021387784368 149.54021387784368
 6080 131072 308809.54 308809.54 308809.54 5.161225006196376 5.161225006196376 5.161225006196376 165.15920019828403 165.15920019828403 165.15920019828403
 6688 131072 310040.955 310040.955 310040.955 5.654798321724948 5.654798321724948 5.654798321724948 180.95354629519832 180.95354629519832 180.95354629519832
 7352 131072 309738.098 309738.098 309738.098 6.222297807226801 6.222297807226801 6.222297807226801 199.11352983125764 199.11352983125764 199.11352983125764
 8080 131072 310069.733 310069.733 310069.733 6.831119888763861 6.831119888763861 6.831119888763861 218.59583644044355 218.59583644044355 218.59583644044355
 8888 65536 156082.275 156082.275 156082.275 7.463806739106027 7.463806739106027 7.463806739106027 238.84181565139286 238.84181565139286 238.84181565139286
 9776 65536 156167.038 156167.038 156167.038 8.205059713049048 8.205059713049048 8.205059713049048 262.5619108175695 262.5619108175695 262.5619108175695
 10752 65536 156157.028 156157.028 156157.028 9.024801266069177 9.024801266069177 9.024801266069177 288.7936405142137 288.7936405142137 288.7936405142137
 11824 65536 155668.839 155668.839 155668.839 9.955719705727361 9.955719705727361 9.955719705727361 318.58303058327556 318.58303058327556 318.58303058327556
 13000 65536 155724.38 155724.38 155724.38 10.941998934270922 10.941998934270922 10.941998934270922 350.1439658966695 350.1439658966695 350.1439658966695
 14296 65536 155796.188 155796.188 155796.188 12.027286007793721 12.027286007793721 12.027286007793721 384.8731522493991 384.8731522493991 384.8731522493991
 15720 65536 155168.839 155168.839 155168.839 13.278773323811489 13.278773323811489 13.278773323811489 424.92074636196764 424.92074636196764 424.92074636196764
 17288 32768 74713.821 74713.821 74713.821 15.16434781189949 15.16434781189949 15.16434781189949 485.25912998078365 485.25912998078365 485.25912998078365
 19016 32768 74734.718 74734.718 74734.718 16.67541685244601 16.67541685244601 16.67541685244601 533.6133392782723 533.6133392782723 533.6133392782723
 20912 32768 75624.542 75624.542 75624.542 18.122276125652437 18.122276125652437 18.122276125652437 579.912836020878 579.912836020878 579.912836020878
 23000 32768 74538.399 74538.399 74538.399 20.2221676373811 20.2221676373811 20.2221676373811 647.1093643961952 647.1093643961952 647.1093643961952
 25296 32768 74800.606 74800.606 74800.606 22.162904081285117 22.162904081285117 22.162904081285117 709.2129306011237 709.2129306011237 709.2129306011237
 27824 32768 74186.722 74186.722 74186.722 24.57951523993741 24.57951523993741 24.57951523993741 786.5444876779972 786.5444876779972 786.5444876779972
 30600 32768 77168.48 77168.48 77168.48 25.98731502810474 25.98731502810474 25.98731502810474 831.5940808993516 831.5940808993516 831.5940808993516
 33656 16384 38866.272 38866.272 38866.272 28.375240311188062 28.375240311188062 28.375240311188062 908.007689958018 908.007689958018 908.007689958018
 37016 16384 38555.584 38555.584 38555.584 31.459523165308553 31.459523165308553 31.459523165308553 1006.7047412898737 1006.7047412898737 1006.7047412898737
 40712 16384 38346.241 38346.241 38346.241 34.78961121639015 34.78961121639015 34.78961121639015 1113.2675589244848 1113.2675589244848 1113.2675589244848
 44776 16384 38882.145 38882.145 38882.145 37.73505726085842 37.73505726085842 37.73505726085842 1207.5218323474694 1207.5218323474694 1207.5218323474694
 49248 16384 37958.942 37958.942 37958.942 42.513262461319385 42.513262461319385 42.513262461319385 1360.4243987622203 1360.4243987622203 1360.4243987622203
 54168 16384 38124.607 38124.607 38124.607 46.557254321336345 46.557254321336345 46.557254321336345 1489.832138282763 1489.832138282763 1489.832138282763
 59584 16384 38047.615 38047.615 38047.615 51.31592379706323 51.31592379706323 51.31592379706323 1642.1095615060233 1642.1095615060233 1642.1095615060233
 65536 16384 38411.938 38411.938 38411.938 55.90667276407663 55.90667276407663 55.90667276407663 1789.0135284504522 1789.0135284504522 1789.0135284504522
 72088 8192 18926.241 18926.241 18926.241 62.404879658882074 62.404879658882074 62.404879658882074 1996.9561490842264 1996.9561490842264 1996.9561490842264
 79296 8192 18912.544 18912.544 18912.544 68.6943895014864 68.6943895014864 68.6943895014864 2198.2204640475647 2198.2204640475647 2198.2204640475647
 87224 8192 19218.081 19218.081 19218.081 74.36111940625082 74.36111940625082 74.36111940625082 2379.5558210000263 2379.5558210000263 2379.5558210000263
 95944 8192 19401.44 19401.44 19401.44 81.02215588121295 81.02215588121295 81.02215588121295 2592.7089881988145 2592.7089881988145 2592.7089881988145
 105536 8192 19305.183 19305.183 19305.183 89.56671501119673 89.56671501119673 89.56671501119673 2866.1348803582955 2866.1348803582955 2866.1348803582955
 116088 8192 20435.137 20435.137 20435.137 93.07428631381332 93.07428631381332 93.07428631381332 2978.377162042026 2978.377162042026 2978.377162042026
 127696 8192 20568.096 20568.096 20568.096 101.71924829600172 101.71924829600172 101.71924829600172 3255.015945472055 3255.015945472055 3255.015945472055
 140464 4096 10305.44 10305.44 10305.44 111.65763790774581 111.65763790774581 111.65763790774581 3573.044413047866 3573.044413047866 3573.044413047866
 154504 4096 11410.944 11410.944 11410.944 110.91954951316912 110.91954951316912 110.91954951316912 3549.4255844214117 3549.4255844214117 3549.4255844214117
 169952 4096 11540.096 11540.096 11540.096 120.64429827966768 120.64429827966768 120.64429827966768 3860.6175449493658 3860.6175449493658 3860.6175449493658
 186944 4096 14691.84 14691.84 14691.84 104.2378114654121 104.2378114654121 104.2378114654121 3335.609966893187 3335.609966893187 3335.609966893187
 205632 4096 17934.816 17934.816 17934.816 93.92554370226046 93.92554370226046 93.92554370226046 3005.6173984723346 3005.6173984723346 3005.6173984723346
 226192 4096 18032.513 18032.513 18032.513 102.75688496661559 102.75688496661559 102.75688496661559 3288.220318931699 3288.220318931699 3288.220318931699
 248808 4096 20377.184 20377.184 20377.184 100.02535855788513 100.02535855788513 100.02535855788513 3200.811473852324 3200.811473852324 3200.811473852324
 273688 2048 11208.512 11208.512 11208.512 100.01559957289604 100.01559957289604 100.01559957289604 3200.499186332673 3200.499186332673 3200.499186332673
 301056 2048 13665.76 13665.76 13665.76 90.23467234899486 90.23467234899486 90.23467234899486 2887.5095151678356 2887.5095151678356 2887.5095151678356
 331160 2048 14684.16 14684.16 14684.16 92.37377963737796 92.37377963737796 92.37377963737796 2955.960948396095 2955.960948396095 2955.960948396095
 364272 2048 15895.104 15895.104 15895.104 93.86903740925507 93.86903740925507 93.86903740925507 3003.8091970961623 3003.8091970961623 3003.8091970961623
 400696 2048 18488.096 18488.096 18488.096 88.77338239697585 88.77338239697585 88.77338239697585 2840.748236703227 2840.748236703227 2840.748236703227
 440760 2048 19266.88 19266.88 19266.88 93.70240329518843 93.70240329518843 93.70240329518843 2998.47690544603 2998.47690544603 2998.47690544603
 484832 2048 20438.688 20438.688 20438.688 97.16239476819646 97.16239476819646 97.16239476819646 3109.196632582287 3109.196632582287 3109.196632582287
 533312 1024 11336.96 11336.96 11336.96 96.34178615784127 96.34178615784127 96.34178615784127 3082.9371570509206 3082.9371570509206 3082.9371570509206
 586640 1024 12477.792 12477.792 12477.792 96.2861634494308 96.2861634494308 96.2861634494308 3081.1572303817857 3081.1572303817857 3081.1572303817857
 645304 1024 13656.736 13656.736 13656.736 96.77148273203787 96.77148273203787 96.77148273203787 3096.6874474252118 3096.6874474252118 3096.6874474252118
 709832 1024 14815.104 14815.104 14815.104 98.12526027491944 98.12526027491944 98.12526027491944 3140.008328797422 3140.008328797422 3140.008328797422
 780808 1024 16553.505 16553.505 16553.505 96.60158280678323 96.60158280678323 96.60158280678323 3091.2506498170633 3091.2506498170633 3091.2506498170633
 858888 1024 17688.16 17688.16 17688.16 99.44520085752276 99.44520085752276 99.44520085752276 3182.2464274407284 3182.2464274407284 3182.2464274407284
 944776 1024 20968.704 20968.704 20968.704 92.27567178209965 92.27567178209965 92.27567178209965 2952.821497027189 2952.821497027189 2952.821497027189
 1039248 1024 21276.096 21276.096 21276.096 100.03620513838628 100.03620513838628 100.03620513838628 3201.158564428361 3201.158564428361 3201.158564428361
 1143168 512 12051.04 12051.04 12051.04 97.13717919781196 97.13717919781196 97.13717919781196 3108.3897343299827 3108.3897343299827 3108.3897343299827
 1257480 512 12951.36 12951.36 12951.36 99.42272626195242 99.42272626195242 99.42272626195242 3181.5272403824774 3181.5272403824774 3181.5272403824774
 1383224 512 14411.104 14411.104 14411.104 98.28680550775292 98.28680550775292 98.28680550775292 3145.1777762480933 3145.1777762480933 3145.1777762480933
 1521544 512 15871.072 15871.072 15871.072 98.16986880281307 98.16986880281307 98.16986880281307 3141.4358016900183 3141.4358016900183 3141.4358016900183
 1673696 512 17446.913 17446.913 17446.913 98.23312032334888 98.23312032334888 98.23312032334888 3143.4598503471643 3143.4598503471643 3143.4598503471643
 1841064 512 20712.511 20712.511 20712.511 91.01984476918322 91.01984476918322 91.01984476918322 2912.635032613863 2912.635032613863 2912.635032613863
 2025168 512 20668.192 20668.192 20668.192 100.33640252616195 100.33640252616195 100.33640252616195 3210.7648808371823 3210.7648808371823 3210.7648808371823
 2227680 256 11451.104 11451.104 11451.104 99.60368537391679 99.60368537391679 99.60368537391679 3187.3179319653373 3187.3179319653373 3187.3179319653373
 2450448 256 12590.432 12590.432 12590.432 99.64943029754659 99.64943029754659 99.64943029754659 3188.781769521491 3188.781769521491 3188.781769521491
 2695488 256 13931.104 13931.104 13931.104 99.06536165403689 99.06536165403689 99.06536165403689 3170.0915729291805 3170.0915729291805 3170.0915729291805
 2965032 256 15516.992 15516.992 15516.992 97.83445038832268 97.83445038832268 97.83445038832268 3130.7024124263257 3130.7024124263257 3130.7024124263257
 3261528 256 21630.016 21630.016 21630.016 77.20300974349719 77.20300974349719 77.20300974349719 2470.49631179191 2470.49631179191 2470.49631179191
 3587680 256 19480.16 19480.16 19480.16 94.2955376136541 94.2955376136541 94.2955376136541 3017.4572036369314 3017.4572036369314 3017.4572036369314
 3946448 256 21941.792 21941.792 21941.792 92.08825678413139 92.08825678413139 92.08825678413139 2946.8242170922044 2946.8242170922044 2946.8242170922044
 4341088 128 11787.872 11787.872 11787.872 94.27643326971993 94.27643326971993 94.27643326971993 3016.845864631038 3016.845864631038 3016.845864631038
 4775192 128 12652.832 12652.832 12652.832 96.61466713538913 96.61466713538913 96.61466713538913 3091.669348332452 3091.669348332452 3091.669348332452
 5252704 128 13945.696 13945.696 13945.696 96.42345738785644 96.42345738785644 96.42345738785644 3085.5506364114062 3085.5506364114062 3085.5506364114062
 5777968 128 15052.0 15052.0 15052.0 98.26998458676587 98.26998458676587 98.26998458676587 3144.639506776508 3144.639506776508 3144.639506776508
 6355760 128 16849.119 16849.119 16849.119 96.56733743764289 96.56733743764289 96.56733743764289 3090.1547980045725 3090.1547980045725 3090.1547980045725
 6991336 128 18996.639 18996.639 18996.639 94.21571973863377 94.21571973863377 94.21571973863377 3014.9030316362805 3014.9030316362805 3014.9030316362805
 7690464 128 20497.728 20497.728 20497.728 96.04765874539852 96.04765874539852 96.04765874539852 3073.5250798527527 3073.5250798527527 3073.5250798527527
 8459504 64 11259.04 11259.04 11259.04 96.17307621253676 96.17307621253676 96.17307621253676 3077.538438801176 3077.538438801176 3077.538438801176
 9305448 64 14520.928 14520.928 14520.928 82.02625507130122 82.02625507130122 82.02625507130122 2624.840162281639 2624.840162281639 2624.840162281639
 10235992 64 13132.16 13132.16 13132.16 99.77086602660947 99.77086602660947 99.77086602660947 3192.667712851503 3192.667712851503 3192.667712851503
 11259584 64 15889.152 15889.152 15889.152 90.70507677187555 90.70507677187555 90.70507677187555 2902.5624567000177 2902.5624567000177 2902.5624567000177
 12385536 64 16830.208 16830.208 16830.208 94.19661408819191 94.19661408819191 94.19661408819191 3014.291650822141 3014.291650822141 3014.291650822141
 13624088 64 18187.777 18187.777 18187.777 95.88215558174042 95.88215558174042 95.88215558174042 3068.2289786156934 3068.2289786156934 3068.2289786156934
 14986496 64 23614.847 23614.847 23614.847 81.23158655230753 81.23158655230753 81.23158655230753 2599.410769673841 2599.410769673841 2599.410769673841
 16485144 64 21991.585 21991.585 21991.585 95.95026606767999 95.95026606767999 95.95026606767999 3070.4085141657597 3070.4085141657597 3070.4085141657597
 18133656 32 11859.264 11859.264 11859.264 97.86054041802258 97.86054041802258 97.86054041802258 3131.5372933767226 3131.5372933767226 3131.5372933767226
 19947016 32 14425.024 14425.024 14425.024 88.49961178574124 88.49961178574124 88.49961178574124 2831.9875771437196 2831.9875771437196 2831.9875771437196
 21941712 32 14636.608 14636.608 14636.608 95.94228170898612 95.94228170898612 95.94228170898612 3070.1530146875557 3070.1530146875557 3070.1530146875557
 24135880 32 15788.256 15788.256 15788.256 97.83831222397204 97.83831222397204 97.83831222397204 3130.8259911671053 3130.8259911671053 3130.8259911671053
 26549464 32 17723.776 17723.776 17723.776 95.86928293383983 95.86928293383983 95.86928293383983 3067.8170538828745 3067.8170538828745 3067.8170538828745
 29204408 32 19502.464 19502.464 19502.464 95.83825469438118 95.83825469438118 95.83825469438118 3066.8241502201977 3066.8241502201977 3066.8241502201977
 32124848 32 21878.847 21878.847 21878.847 93.97160060582716 93.97160060582716 93.97160060582716 3007.091219386469 3007.091219386469 3007.091219386469
 35337328 16 11557.312 11557.312 11557.312 97.84234396371751 97.84234396371751 97.84234396371751 3130.9550068389603 3130.9550068389603 3130.9550068389603
 38871056 16 14034.304 14034.304 14034.304 88.63095683262954 88.63095683262954 88.63095683262954 2836.190618644145 2836.190618644145 2836.190618644145
 42758160 16 16312.351 16312.351 16312.351 83.87884247954204 83.87884247954204 83.87884247954204 2684.1229593453454 2684.1229593453454 2684.1229593453454
 47033976 16 19630.112 19630.112 19630.112 76.67237110007318 76.67237110007318 76.67237110007318 2453.5158752023417 2453.5158752023417 2453.5158752023417
 51737368 16 17280.544 17280.544 17280.544 95.80692459681823 95.80692459681823 95.80692459681823 3065.8215870981835 3065.8215870981835 3065.8215870981835
 56911104 16 18610.399 18610.399 18610.399 97.85686636809882 97.85686636809882 97.85686636809882 3131.4197237791623 3131.4197237791623 3131.4197237791623
 62602208 16 24097.696 24097.696 24097.696 83.13121121620924 83.13121121620924 83.13121121620924 2660.1987589186956 2660.1987589186956 2660.1987589186956
 68862424 8 12236.736 12236.736 12236.736 90.04025125654422 90.04025125654422 90.04025125654422 2881.288040209415 2881.288040209415 2881.288040209415
 75748664 8 12656.416 12656.416 12656.416 95.76001800193673 95.76001800193673 95.76001800193673 3064.3205760619753 3064.3205760619753 3064.3205760619753
 83323528 8 13357.728 13357.728 13357.728 99.80562922077766 99.80562922077766 99.80562922077766 3193.780135064885 3193.780135064885 3193.780135064885
 91655880 8 15306.752 15306.752 15306.752 95.80700595397377 95.80700595397377 95.80700595397377 3065.8241905271607 3065.8241905271607 3065.8241905271607
 100821464 8 16512.032 16512.032 16512.032 97.69502772281449 97.69502772281449 97.69502772281449 3126.2408871300636 3126.2408871300636 3126.2408871300636
 110903608 8 18912.832 18912.832 18912.832 93.82295195135241 93.82295195135241 93.82295195135241 3002.334462443277 3002.334462443277 3002.334462443277
 121993968 8 20805.344 20805.344 20805.344 93.81740998851065 93.81740998851065 93.81740998851065 3002.1571196323407 3002.1571196323407 3002.1571196323407
 134193360 8 21967.264 21967.264 21967.264 97.74060893518647 97.74060893518647 97.74060893518647 3127.699485925967 3127.699485925967 3127.699485925967
 147612696 4 12613.728 12613.728 12613.728 93.62034507165527 93.62034507165527 93.62034507165527 2995.8510422929685 2995.8510422929685 2995.8510422929685
 162373960 4 13289.152 13289.152 13289.152 97.74827468298956 97.74827468298956 97.74827468298956 3127.944789855666 3127.944789855666 3127.944789855666
 178611352 4 15232.224 15232.224 15232.224 93.80710367704677 93.80710367704677 93.80710367704677 3001.8273176654966 3001.8273176654966 3001.8273176654966
 196472480 4 16075.775 16075.775 16075.775 97.77319227222327 97.77319227222327 97.77319227222327 3128.7421527111446 3128.7421527111446 3128.7421527111446
 216119728 4 18059.681 18059.681 18059.681 95.73578979606562 95.73578979606562 95.73578979606562 3063.5452734740998 3063.5452734740998 3063.5452734740998
 237731696 4 19878.624 19878.624 19878.624 95.6733005262336 95.6733005262336 95.6733005262336 3061.5456168394753 3061.5456168394753 3061.5456168394753
 261504864 4 21399.361 21399.361 21399.361 97.76174681103795 97.76174681103795 97.76174681103795 3128.3758979532145 3128.3758979532145 3128.3758979532145
 287655344 2 12019.776 12019.776 12019.776 95.72735598400503 95.72735598400503 95.72735598400503 3063.275391488161 3063.275391488161 3063.275391488161
 316420872 2 13211.36 13211.36 13211.36 95.80266437369053 95.80266437369053 95.80266437369053 3065.685259958097 3065.685259958097 3065.685259958097
 348062952 2 14252.992 14252.992 14252.992 97.6813716025379 97.6813716025379 97.6813716025379 3125.8038912812126 3125.8038912812126 3125.8038912812126
 382869240 2 15664.192 15664.192 15664.192 97.76929189836284 97.76929189836284 97.76929189836284 3128.617340747611 3128.617340747611 3128.617340747611
 421156160 2 17959.871 17959.871 17959.871 93.79937305785772 93.79937305785772 93.79937305785772 3001.579937851447 3001.579937851447 3001.579937851447
 463271776 2 22680.0 22680.0 22680.0 81.70578059964727 81.70578059964727 81.70578059964727 2614.5849791887126 2614.5849791887126 2614.5849791887126
 509598952 2 20202.433 20202.433 20202.433 100.89853078587119 100.89853078587119 100.89853078587119 3228.752985147878 3228.752985147878 3228.752985147878
 560558840 1 11620.608 11620.608 11620.608 96.4766800497874 96.4766800497874 96.4766800497874 3087.253761593197 3087.253761593197 3087.253761593197
 616614720 1 13536.672 13536.672 13536.672 91.10285304984858 91.10285304984858 91.10285304984858 2915.2912975951544 2915.2912975951544 2915.2912975951544
 678276192 1 13475.52 13475.52 13475.52 100.66790624777373 100.66790624777373 100.66790624777373 3221.3729999287593 3221.3729999287593 3221.3729999287593
 746103808 1 15287.264 15287.264 15287.264 97.61116286079707 97.61116286079707 97.61116286079707 3123.557211545506 3123.557211545506 3123.557211545506
 820714184 1 15213.44 15213.44 15213.44 107.89330802238021 107.89330802238021 107.89330802238021 3452.5858567161667 3452.5858567161667 3452.5858567161667
 902785600 1 16728.672 16728.672 16728.672 107.93272771442945 107.93272771442945 107.93272771442945 3453.8472868617423 3453.8472868617423 3453.8472868617423
 993064160 1 19549.824 19549.824 19549.824 101.59315603045837 101.59315603045837 101.59315603045837 3250.980992974668 3250.980992974668 3250.980992974668
 
META_DATA
 FLOPS          512
 GPU_BLOCKS     2560
 GPU_THREADS    64
 ERT_VERSION  1.1.0
 HOSTNAME  ('kp361.kingspeak.peaks', ['kp361'], ['10.242.2.107'])
 UNAME  uname_result(system='Linux', node='kp361', release='3.10.0-957.27.2.el7.x86_64', version='#1 SMP Mon Jul 29 17:46:05 UTC 2019', machine='x86_64', processor='x86_64')
 TIMESTAMP_DATA  1617137041.32137
 CONFIG  {'ERT_RESULTS': ['Results/Results.kingspeak-p100-gpu.01'], 'ERT_DRIVER': ['driver1'], 'ERT_KERNEL': ['kernel1'], 'ERT_GPU': ['True'], 'ERT_GPU_CFLAGS': ['-x', 'cu', '-arch=sm_60'], 'ERT_GPU_LDFLAGS': [], 'ERT_FLOPS': ['1,64,256,512,1024'], 'ERT_ALIGN': ['32'], 'ERT_CC': ['nvcc'], 'ERT_CFLAGS': ['-O3', '-std=c++11'], 'ERT_LD': ['nvcc'], 'ERT_LDFLAGS': [], 'ERT_LDLIBS': [], 'ERT_RUN': ['srun', '-n', '1', './ERT_CODE'], 'ERT_PRECISION': ['FP64'], 'ERT_BLOCKS_THREADS': ['163840'], 'ERT_GPU_BLOCKS': ['160,320,640,1280,2560'], 'ERT_GPU_THREADS': ['1024,512,256,128,64'], 'ERT_NUM_EXPERIMENTS': ['1'], 'ERT_MEMORY_MAX': ['1073741824'], 'ERT_WORKING_SET_MIN': ['128'], 'ERT_TRIALS_MIN': ['1'], 'ERT_GNUPLOT': ['gnuplot'], 'ERT_MPI': [False], 'ERT_OPENMP': [False], 'ERT_HIP': [False], 'ERT_OCL': [False], 'ERT_SYCL': [False], 'ERT_WSS_MULT': [1.1]}
 