fp64
 1024 1048576 621661.926 621661.926 621661.926 3.4544236315350605 3.4544236315350605 3.4544236315350605 0.21590147697094128 0.21590147697094128 0.21590147697094128
 1120 524288 310715.851 310715.851 310715.851 3.779675598204354 3.779675598204354 3.779675598204354 0.23622972488777214 0.23622972488777214 0.23622972488777214
 1232 524288 312680.725 312680.725 312680.725 4.131516683671499 4.131516683671499 4.131516683671499 0.2582197927294687 0.2582197927294687 0.2582197927294687
 1352 524288 312922.974 312922.974 312922.974 4.530427197077579 4.530427197077579 4.530427197077579 0.28315169981734867 0.28315169981734867 0.28315169981734867
 1480 524288 313709.503 313709.503 313709.503 4.946909370482156 4.946909370482156 4.946909370482156 0.30918183565513474 0.30918183565513474 0.30918183565513474
 1624 524288 313991.974 313991.974 313991.974 5.423346980200201 5.423346980200201 5.423346980200201 0.33895918626251254 0.33895918626251254 0.33895918626251254
 1784 524288 314196.075 314196.075 314196.075 5.953796793928759 5.953796793928759 5.953796793928759 0.3721122996205474 0.3721122996205474 0.3721122996205474
 1960 524288 312412.842 312412.842 312412.842 6.578503453452786 6.578503453452786 6.578503453452786 0.4111564658407991 0.4111564658407991 0.4111564658407991
 2152 262144 156444.839 156444.839 156444.839 7.211920720503921 7.211920720503921 7.211920720503921 0.45074504503149504 0.45074504503149504 0.45074504503149504
 2360 262144 155785.339 155785.339 155785.339 7.942465497346961 7.942465497346961 7.942465497346961 0.4964040935841851 0.4964040935841851 0.4964040935841851
 2592 262144 155763.458 155763.458 155763.458 8.724475646913282 8.724475646913282 8.724475646913282 0.5452797279320801 0.5452797279320801 0.5452797279320801
 2848 262144 155786.713 155786.713 155786.713 9.584721284927554 9.584721284927554 9.584721284927554 0.5990450803079721 0.5990450803079721 0.5990450803079721
 3128 262144 156086.105 156086.105 156086.105 10.506847255878414 10.506847255878414 10.506847255878414 0.6566779534924009 0.6566779534924009 0.6566779534924009
 3440 262144 156632.217 156632.217 156632.217 11.514557825610039 11.514557825610039 11.514557825610039 0.7196598641006274 0.7196598641006274 0.7196598641006274
 3784 262144 157485.092 157485.092 157485.092 12.597419646552959 12.597419646552959 12.597419646552959 0.7873387279095599 0.7873387279095599 0.7873387279095599
 4160 131072 78934.433 78934.433 78934.433 13.815504825378298 13.815504825378298 13.815504825378298 0.8634690515861436 0.8634690515861436 0.8634690515861436
 4576 131072 78906.914 78906.914 78906.914 15.20235532212044 15.20235532212044 15.20235532212044 0.9501472076325275 0.9501472076325275 0.9501472076325275
 5032 131072 79519.135 79519.135 79519.135 16.58856837414039 16.58856837414039 16.58856837414039 1.0367855233837744 1.0367855233837744 1.0367855233837744
 5528 131072 80572.701 80572.701 80572.701 17.9853972128848 17.9853972128848 17.9853972128848 1.1240873258053 1.1240873258053 1.1240873258053
 6080 131072 81239.838 81239.838 81239.838 19.618890919009463 19.618890919009463 19.618890919009463 1.2261806824380914 1.2261806824380914 1.2261806824380914
 6688 131072 82890.083 82890.083 82890.083 21.15113181874845 21.15113181874845 21.15113181874845 1.3219457386717781 1.3219457386717781 1.3219457386717781
 7352 131072 84834.877 84834.877 84834.877 22.718046588315325 22.718046588315325 22.718046588315325 1.4198779117697078 1.4198779117697078 1.4198779117697078
 8080 131072 87016.861 87016.861 87016.861 24.341529855920683 24.341529855920683 24.341529855920683 1.5213456159950427 1.5213456159950427 1.5213456159950427
 8888 65536 43493.633 43493.633 43493.633 26.78479252354017 26.78479252354017 26.78479252354017 1.6740495327212606 1.6740495327212606 1.6740495327212606
 9776 65536 43533.951 43533.951 43533.951 29.433576382717934 29.433576382717934 29.433576382717934 1.8395985239198709 1.8395985239198709 1.8395985239198709
 10752 65536 43548.702 43548.702 43548.702 32.361151521806555 32.361151521806555 32.361151521806555 2.0225719701129097 2.0225719701129097 2.0225719701129097
 11824 65536 43485.249 43485.249 43485.249 35.63956430374815 35.63956430374815 35.63956430374815 2.2274727689842595 2.2274727689842595 2.2274727689842595
 13000 65536 43557.697 43557.697 43557.697 39.11905627150122 39.11905627150122 39.11905627150122 2.4449410169688264 2.4449410169688264 2.4449410169688264
 14296 65536 43521.984 43521.984 43521.984 43.05422546913302 43.05422546913302 43.05422546913302 2.690889091820814 2.690889091820814 2.690889091820814
 15720 65536 43532.864 43532.864 43532.864 47.33095070427711 47.33095070427711 47.33095070427711 2.958184419017319 2.958184419017319 2.958184419017319
 17288 32768 21775.328 21775.328 21775.328 52.030737171903915 52.030737171903915 52.030737171903915 3.2519210732439947 3.2519210732439947 3.2519210732439947
 19016 32768 21754.335 21754.335 21754.335 57.286631652955606 57.286631652955606 57.286631652955606 3.5804144783097254 3.5804144783097254 3.5804144783097254
 20912 32768 21819.424 21819.424 21819.424 62.810495455792044 62.810495455792044 62.810495455792044 3.9256559659870027 3.9256559659870027 3.9256559659870027
 23000 32768 21748.64 21748.64 21748.64 69.30677044633596 69.30677044633596 69.30677044633596 4.3316731528959975 4.3316731528959975 4.3316731528959975
 25296 32768 21815.201 21815.201 21815.201 75.99282060247806 75.99282060247806 75.99282060247806 4.749551287654879 4.749551287654879 4.749551287654879
 27824 32768 21805.471 21805.471 21805.471 83.62459421307616 83.62459421307616 83.62459421307616 5.22653713831726 5.22653713831726 5.22653713831726
 30600 32768 21810.24 21810.24 21810.24 91.94770896606363 91.94770896606363 91.94770896606363 5.746731810378977 5.746731810378977 5.746731810378977
 33656 16384 10887.424 10887.424 10887.424 101.29483411319333 101.29483411319333 101.29483411319333 6.330927132074583 6.330927132074583 6.330927132074583
 37016 16384 10913.664 10913.664 10913.664 111.13960334494446 111.13960334494446 111.13960334494446 6.946225209059029 6.946225209059029 6.946225209059029
 40712 16384 10930.208 10930.208 10930.208 122.05173186091243 122.05173186091243 122.05173186091243 7.628233241307027 7.628233241307027 7.628233241307027
 44776 16384 10929.568 10929.568 10929.568 134.24318033430052 134.24318033430052 134.24318033430052 8.390198770893782 8.390198770893782 8.390198770893782
 49248 16384 10944.352 10944.352 10944.352 147.45125741569714 147.45125741569714 147.45125741569714 9.215703588481071 9.215703588481071 9.215703588481071
 54168 16384 10907.584 10907.584 10907.584 162.72870545851399 162.72870545851399 162.72870545851399 10.170544091157124 10.170544091157124 10.170544091157124
 59584 16384 10933.184 10933.184 10933.184 178.58004694698272 178.58004694698272 178.58004694698272 11.16125293418642 11.16125293418642 11.16125293418642
 65536 16384 10913.376 10913.376 10913.376 196.77537436628225 196.77537436628225 196.77537436628225 12.29846089789264 12.29846089789264 12.29846089789264
 72088 8192 5468.096 5468.096 5468.096 215.99653553997592 215.99653553997592 215.99653553997592 13.499783471248495 13.499783471248495 13.499783471248495
 79296 8192 6053.184 6053.184 6053.184 214.62847717829158 214.62847717829158 214.62847717829158 13.414279823643223 13.414279823643223 13.414279823643223
 87224 8192 6046.816 6046.816 6046.816 236.33562125918831 236.33562125918831 236.33562125918831 14.77097632869927 14.77097632869927 14.77097632869927
 95944 8192 6062.496 6062.496 6062.496 259.29031474824893 259.29031474824893 259.29031474824893 16.20564467176556 16.20564467176556 16.20564467176556
 105536 8192 6044.96 6044.96 6044.96 286.04024244990865 286.04024244990865 286.04024244990865 17.87751515311929 17.87751515311929 17.87751515311929
 116088 8192 6044.32 6044.32 6044.32 314.6732456256453 314.6732456256453 314.6732456256453 19.66707785160283 19.66707785160283 19.66707785160283
 127696 8192 6057.92 6057.92 6057.92 345.36132269821985 345.36132269821985 345.36132269821985 21.58508266863874 21.58508266863874 21.58508266863874
 140464 4096 3037.856 3037.856 3037.856 378.78065583095446 378.78065583095446 378.78065583095446 23.673790989434654 23.673790989434654 23.673790989434654
 154504 4096 3039.968 3039.968 3039.968 416.3520037053022 416.3520037053022 416.3520037053022 26.022000231581387 26.022000231581387 26.022000231581387
 169952 4096 3040.672 3040.672 3040.672 457.8747013817998 457.8747013817998 457.8747013817998 28.617168836362488 28.617168836362488 28.617168836362488
 186944 4096 3040.928 3040.928 3040.928 503.6111502804407 503.6111502804407 503.6111502804407 31.475696892527544 31.475696892527544 31.475696892527544
 205632 4096 3295.968 3295.968 3295.968 511.09032126525506 511.09032126525506 511.09032126525506 31.94314507907844 31.94314507907844 31.94314507907844
 226192 4096 3045.344 3045.344 3045.344 608.4583101285109 608.4583101285109 608.4583101285109 38.02864438303193 38.02864438303193 38.02864438303193
 248808 4096 3291.84 3291.84 3291.84 619.1780694079906 619.1780694079906 619.1780694079906 38.698629337999414 38.698629337999414 38.698629337999414
 273688 2048 1664.416 1664.416 1664.416 673.5251571722455 673.5251571722455 673.5251571722455 42.09532232326534 42.09532232326534 42.09532232326534
 301056 2048 1662.08 1662.08 1662.08 741.9169811320755 741.9169811320755 741.9169811320755 46.36981132075472 46.36981132075472 46.36981132075472
 331160 2048 1670.24 1670.24 1670.24 812.1176357888687 812.1176357888687 812.1176357888687 50.757352236804294 50.757352236804294 50.757352236804294
 364272 2048 1672.128 1672.128 1672.128 892.310942702951 892.310942702951 892.310942702951 55.76943391893444 55.76943391893444 55.76943391893444
 400696 2048 1834.048 1834.048 1834.048 894.8788777611054 894.8788777611054 894.8788777611054 55.92992986006909 55.92992986006909 55.92992986006909
 440760 2048 1690.112 1690.112 1690.112 1068.185398364132 1068.185398364132 1068.185398364132 66.76158739775825 66.76158739775825 66.76158739775825
 484832 2048 2028.8 2028.8 2028.8 978.8406309148265 978.8406309148265 978.8406309148265 61.17753943217666 61.17753943217666 61.17753943217666
 533312 1024 999.904 999.904 999.904 1092.3278394725894 1092.3278394725894 1092.3278394725894 68.27048996703684 68.27048996703684 68.27048996703684
 586640 1024 1004.608 1004.608 1004.608 1195.9278843091038 1195.9278843091038 1195.9278843091038 74.74549276931899 74.74549276931899 74.74549276931899
 645304 1024 1005.312 1005.312 1005.312 1314.5994397759105 1314.5994397759105 1314.5994397759105 82.1624649859944 82.1624649859944 82.1624649859944
 709832 1024 1176.192 1176.192 1176.192 1235.968222875177 1235.968222875177 1235.968222875177 77.24801392969856 77.24801392969856 77.24801392969856
 780808 1024 1176.576 1176.576 1176.576 1359.1087902523934 1359.1087902523934 1359.1087902523934 84.94429939077459 84.94429939077459 84.94429939077459
 858888 1024 1481.76 1481.76 1481.76 1187.103595724004 1187.103595724004 1187.103595724004 74.19397473275025 74.19397473275025 74.19397473275025
 944776 1024 1829.984 1829.984 1829.984 1057.3323307744768 1057.3323307744768 1057.3323307744768 66.0832706734048 66.0832706734048 66.0832706734048
 1039248 1024 2079.264 2079.264 2079.264 1023.6217738584422 1023.6217738584422 1023.6217738584422 63.97636086615264 63.97636086615264 63.97636086615264
 1143168 512 1152.032 1152.032 1152.032 1016.121107747007 1016.121107747007 1016.121107747007 63.50756923418794 63.50756923418794 63.50756923418794
 1257480 512 1156.704 1156.704 1156.704 1113.2143746368995 1113.2143746368995 1113.2143746368995 69.57589841480622 69.57589841480622 69.57589841480622
 1383224 512 1260.512 1260.512 1260.512 1123.6873397476581 1123.6873397476581 1123.6873397476581 70.23045873422863 70.23045873422863 70.23045873422863
 1521544 512 1155.168 1155.168 1155.168 1348.7744258843738 1348.7744258843738 1348.7744258843738 84.29840161777337 84.29840161777337 84.29840161777337
 1673696 512 1190.112 1190.112 1190.112 1440.0869027452877 1440.0869027452877 1440.0869027452877 90.00543142158048 90.00543142158048 90.00543142158048
 1841064 512 1345.024 1345.024 1345.024 1401.6475066615913 1401.6475066615913 1401.6475066615913 87.60296916634945 87.60296916634945 87.60296916634945
 2025168 512 1643.296 1643.296 1643.296 1261.9589118454617 1261.9589118454617 1261.9589118454617 78.87243199034135 78.87243199034135 78.87243199034135
 2227680 256 869.056 869.056 869.056 1312.4265409823993 1312.4265409823993 1312.4265409823993 82.02665881139995 82.02665881139995 82.02665881139995
 2450448 256 1152.608 1152.608 1152.608 1088.5135067603212 1088.5135067603212 1088.5135067603212 68.03209417252008 68.03209417252008 68.03209417252008
 2695488 256 1261.536 1261.536 1261.536 1093.9758009283921 1093.9758009283921 1093.9758009283921 68.37348755802451 68.37348755802451 68.37348755802451
 2965032 256 1134.304 1134.304 1134.304 1338.3505515276327 1338.3505515276327 1338.3505515276327 83.64690947047704 83.64690947047704 83.64690947047704
 3261528 256 1303.36 1303.36 1303.36 1281.2287748588265 1281.2287748588265 1281.2287748588265 80.07679842867665 80.07679842867665 80.07679842867665
 3587680 256 1576.8 1576.8 1576.8 1164.9493658041604 1164.9493658041604 1164.9493658041604 72.80933536276002 72.80933536276002 72.80933536276002
 3946448 256 1761.92 1761.92 1761.92 1146.8065383218307 1146.8065383218307 1146.8065383218307 71.67540864511442 71.67540864511442 71.67540864511442
 4341088 128 845.408 845.408 845.408 1314.5351451606798 1314.5351451606798 1314.5351451606798 82.15844657254249 82.15844657254249 82.15844657254249
 4775192 128 1120.352 1120.352 1120.352 1091.1295307189168 1091.1295307189168 1091.1295307189168 68.1955956699323 68.1955956699323 68.1955956699323
 5252704 128 1391.424 1391.424 1391.424 966.4144243595051 966.4144243595051 966.4144243595051 60.40090152246907 60.40090152246907 60.40090152246907
 5777968 128 1407.488 1407.488 1407.488 1050.921789741724 1050.921789741724 1050.921789741724 65.68261185885775 65.68261185885775 65.68261185885775
 6355760 128 2449.92 2449.92 2449.92 664.1337513061651 664.1337513061651 664.1337513061651 41.50835945663532 41.50835945663532 41.50835945663532
 6991336 128 2760.288 2760.288 2760.288 648.4040853708019 648.4040853708019 648.4040853708019 40.52525533567512 40.52525533567512 40.52525533567512
 7690464 128 3408.864 3408.864 3408.864 577.5410177701427 577.5410177701427 577.5410177701427 36.09631361063392 36.09631361063392 36.09631361063392
 8459504 64 1902.976 1902.976 1902.976 569.0121746149189 569.0121746149189 569.0121746149189 35.56326091343243 35.56326091343243 35.56326091343243
 9305448 64 2189.824 2189.824 2189.824 543.9237783493103 543.9237783493103 543.9237783493103 33.99523614683189 33.99523614683189 33.99523614683189
 10235992 64 2398.688 2398.688 2398.688 546.2181726010218 546.2181726010218 546.2181726010218 34.138635787563864 34.138635787563864 34.138635787563864
 11259584 64 2575.936 2575.936 2575.936 559.4963353126785 559.4963353126785 559.4963353126785 34.96852095704241 34.96852095704241 34.96852095704241
 12385536 64 2822.528 2822.528 2822.528 561.6768400526054 561.6768400526054 561.6768400526054 35.104802503287836 35.104802503287836 35.104802503287836
 13624088 64 3128.32 3128.32 3128.32 557.4504091653027 557.4504091653027 557.4504091653027 34.84065057283142 34.84065057283142 34.84065057283142
 14986496 64 3485.152 3485.152 3485.152 550.4125754056064 550.4125754056064 550.4125754056064 34.4007859628504 34.4007859628504 34.4007859628504
 16485144 64 3830.464 3830.464 3830.464 550.8728007886251 550.8728007886251 550.8728007886251 34.42955004928907 34.42955004928907 34.42955004928907
 18133656 32 2183.808 2183.808 2183.808 531.4359064533146 531.4359064533146 531.4359064533146 33.21474415333216 33.21474415333216 33.21474415333216
 19947016 32 2449.28 2449.28 2449.28 521.218082048602 521.218082048602 521.218082048602 32.576130128037626 32.576130128037626 32.576130128037626
 21941712 32 2740.672 2740.672 2740.672 512.3814772435373 512.3814772435373 512.3814772435373 32.023842327721084 32.023842327721084 32.023842327721084
 24135880 32 2960.032 2960.032 2960.032 521.8512232300191 521.8512232300191 521.8512232300191 32.61570145187619 32.61570145187619 32.61570145187619
 26549464 32 3312.16 3312.16 3312.16 513.0083377614608 513.0083377614608 513.0083377614608 32.0630211100913 32.0630211100913 32.0630211100913
 29204408 32 3650.56 3650.56 3650.56 511.9987377279103 511.9987377279103 511.9987377279103 31.999921107994393 31.999921107994393 31.999921107994393
 32124848 32 3951.008 3951.008 3951.008 520.3710729008901 520.3710729008901 520.3710729008901 32.52319205630563 32.52319205630563 32.52319205630563
 35337328 16 2229.472 2229.472 2229.472 507.20282470468345 507.20282470468345 507.20282470468345 31.700176544042716 31.700176544042716 31.700176544042716
 38871056 16 2451.296 2451.296 2451.296 507.43516572458 507.43516572458 507.43516572458 31.71469785778625 31.71469785778625 31.71469785778625
 42758160 16 2709.472 2709.472 2709.472 504.99179175868954 504.99179175868954 504.99179175868954 31.561986984918097 31.561986984918097 31.561986984918097
 47033976 16 2952.512 2952.512 2952.512 509.76498385103935 509.76498385103935 509.76498385103935 31.86031149068996 31.86031149068996 31.86031149068996
 51737368 16 3191.104 3191.104 3191.104 518.8159884478852 518.8159884478852 518.8159884478852 32.42599927799282 32.42599927799282 32.42599927799282
 56911104 16 3510.624 3510.624 3510.624 518.7554486040088 518.7554486040088 518.7554486040088 32.42221553775055 32.42221553775055 32.42221553775055
 62602208 16 3943.456 3943.456 3943.456 507.9987341053128 507.9987341053128 507.9987341053128 31.74992088158205 31.74992088158205 31.74992088158205
 68862424 8 2125.184 2125.184 2125.184 518.4486538577366 518.4486538577366 518.4486538577366 32.40304086610854 32.40304086610854 32.40304086610854
 75748664 8 2375.744 2375.744 2375.744 510.1469787990625 510.1469787990625 510.1469787990625 31.884186174941405 31.884186174941405 31.884186174941405
 83323528 8 2637.696 2637.696 2637.696 505.4321832387053 505.4321832387053 505.4321832387053 31.58951145241908 31.58951145241908 31.58951145241908
 91655880 8 2882.528 2882.528 2882.528 508.7527614649364 508.7527614649364 508.7527614649364 31.797047591558524 31.797047591558524 31.797047591558524
 100821464 8 3192.256 3192.256 3192.256 505.33021913029535 505.33021913029535 505.33021913029535 31.58313869564346 31.58313869564346 31.58313869564346
 110903608 8 3526.016 3526.016 3526.016 503.24721385268816 503.24721385268816 503.24721385268816 31.45295086579301 31.45295086579301 31.45295086579301
 121993968 8 3842.4 3842.4 3842.4 507.9907058088694 507.9907058088694 507.9907058088694 31.749419113054337 31.749419113054337 31.749419113054337
 134193360 8 4149.856 4149.856 4149.856 517.3899431691125 517.3899431691125 517.3899431691125 32.33687144806953 32.33687144806953 32.33687144806953
 147612696 4 2340.128 2340.128 2340.128 504.63118598640744 504.63118598640744 504.63118598640744 31.539449124150465 31.539449124150465 31.539449124150465
 162373960 4 2573.984 2573.984 2573.984 504.66190932033766 504.66190932033766 504.66190932033766 31.541369332521104 31.541369332521104 31.541369332521104
 178611352 4 2831.936 2831.936 2831.936 504.5632443671043 504.5632443671043 504.5632443671043 31.535202772944018 31.535202772944018 31.535202772944018
 196472480 4 3114.656 3114.656 3114.656 504.63994739708016 504.63994739708016 504.63994739708016 31.53999671231751 31.53999671231751 31.53999671231751
 216119728 4 3423.104 3423.104 3423.104 505.0848072392776 505.0848072392776 505.0848072392776 31.56780045245485 31.56780045245485 31.56780045245485
 237731696 4 3759.904 3759.904 3759.904 505.82503383065097 505.82503383065097 505.82503383065097 31.614064614415685 31.614064614415685 31.614064614415685
 261504864 4 4161.12 4161.12 4161.12 502.75861114315376 502.75861114315376 502.75861114315376 31.42241319644711 31.42241319644711 31.42241319644711
 287655344 2 2268.288 2268.288 2268.288 507.26423452401104 507.26423452401104 507.26423452401104 31.70401465775069 31.70401465775069 31.70401465775069
 316420872 2 2511.36 2511.36 2511.36 503.9832951070336 503.9832951070336 503.9832951070336 31.4989559441896 31.4989559441896 31.4989559441896
 348062952 2 2753.056 2753.056 2753.056 505.71140143898265 505.71140143898265 505.71140143898265 31.606962589936415 31.606962589936415 31.606962589936415
 382869240 2 3024.064 3024.064 3024.064 506.43007555395656 506.43007555395656 506.43007555395656 31.651879722122285 31.651879722122285 31.651879722122285
 421156160 2 3334.208 3334.208 3334.208 505.25481313703284 505.25481313703284 505.25481313703284 31.578425821064553 31.578425821064553 31.578425821064553
 463271776 2 3672.48 3672.48 3672.48 504.5873916263669 504.5873916263669 504.5873916263669 31.536711976647933 31.536711976647933 31.536711976647933
 509598952 2 4070.016 4070.016 4070.016 500.83238198572195 500.83238198572195 500.83238198572195 31.302023874107622 31.302023874107622 31.302023874107622
 560558840 1 2238.336 2238.336 2238.336 500.87103991536577 500.87103991536577 500.87103991536577 31.30443999471036 31.30443999471036 31.30443999471036
 616614720 1 2458.208 2458.208 2458.208 501.6782306460641 501.6782306460641 501.6782306460641 31.354889415379006 31.354889415379006 31.354889415379006
 678276192 1 2712.128 2712.128 2712.128 500.18007409679774 500.18007409679774 500.18007409679774 31.26125463104986 31.26125463104986 31.26125463104986
 746103808 1 2982.304 2982.304 2982.304 500.3539598914127 500.3539598914127 500.3539598914127 31.272122493213296 31.272122493213296 31.272122493213296
 820714184 1 3270.912 3270.912 3270.912 501.8259029897472 501.8259029897472 501.8259029897472 31.3641189368592 31.3641189368592 31.3641189368592
 902785600 1 3595.968 3595.968 3595.968 502.10991866445977 502.10991866445977 502.10991866445977 31.381869916528736 31.381869916528736 31.381869916528736
 993064160 1 3927.584 3927.584 3927.584 505.6870381384587 505.6870381384587 505.6870381384587 31.60543988365367 31.60543988365367 31.60543988365367
 
META_DATA
 FLOPS          1
 GPU_BLOCKS     160
 GPU_THREADS    1024
 ERT_VERSION  1.1.0
 HOSTNAME  ('kp361.kingspeak.peaks', ['kp361'], ['10.242.2.107'])
 UNAME  uname_result(system='Linux', node='kp361', release='3.10.0-957.27.2.el7.x86_64', version='#1 SMP Mon Jul 29 17:46:05 UTC 2019', machine='x86_64', processor='x86_64')
 TIMESTAMP_DATA  1617136096.6203551
 CONFIG  {'ERT_RESULTS': ['Results/Results.kingspeak-p100-gpu.01'], 'ERT_DRIVER': ['driver1'], 'ERT_KERNEL': ['kernel1'], 'ERT_GPU': ['True'], 'ERT_GPU_CFLAGS': ['-x', 'cu', '-arch=sm_60'], 'ERT_GPU_LDFLAGS': [], 'ERT_FLOPS': ['1,64,256,512,1024'], 'ERT_ALIGN': ['32'], 'ERT_CC': ['nvcc'], 'ERT_CFLAGS': ['-O3', '-std=c++11'], 'ERT_LD': ['nvcc'], 'ERT_LDFLAGS': [], 'ERT_LDLIBS': [], 'ERT_RUN': ['srun', '-n', '1', './ERT_CODE'], 'ERT_PRECISION': ['FP64'], 'ERT_BLOCKS_THREADS': ['163840'], 'ERT_GPU_BLOCKS': ['160,320,640,1280,2560'], 'ERT_GPU_THREADS': ['1024,512,256,128,64'], 'ERT_NUM_EXPERIMENTS': ['1'], 'ERT_MEMORY_MAX': ['1073741824'], 'ERT_WORKING_SET_MIN': ['128'], 'ERT_TRIALS_MIN': ['1'], 'ERT_GNUPLOT': ['gnuplot'], 'ERT_MPI': [False], 'ERT_OPENMP': [False], 'ERT_HIP': [False], 'ERT_OCL': [False], 'ERT_SYCL': [False], 'ERT_WSS_MULT': [1.1]}
 