fp64
 1024 1048576 895586.304 895586.304 895586.304 2.397852265503158 2.397852265503158 2.397852265503158 9.591409062012632 9.591409062012632 9.591409062012632
 1120 524288 448447.571 448447.571 448447.571 2.618823684073428 2.618823684073428 2.618823684073428 10.475294736293712 10.475294736293712 10.475294736293712
 1232 524288 450998.138 450998.138 450998.138 2.864414557738152 2.864414557738152 2.864414557738152 11.457658230952608 11.457658230952608 11.457658230952608
 1352 524288 451335.297 451335.297 451335.297 3.1410677636409186 3.1410677636409186 3.1410677636409186 12.564271054563674 12.564271054563674 12.564271054563674
 1480 524288 451382.843 451382.843 451382.843 3.43808477452476 3.43808477452476 3.43808477452476 13.75233909809904 13.75233909809904 13.75233909809904
 1624 524288 454195.526 454195.526 454195.526 3.749238657185716 3.749238657185716 3.749238657185716 14.996954628742865 14.996954628742865 14.996954628742865
 1784 524288 455575.104 455575.104 455575.104 4.1061497162057385 4.1061497162057385 4.1061497162057385 16.424598864822954 16.424598864822954 16.424598864822954
 1960 524288 456980.255 456980.255 456980.255 4.497369279116884 4.497369279116884 4.497369279116884 17.989477116467537 17.989477116467537 17.989477116467537
 2152 262144 228424.515 228424.515 228424.515 4.939346269379186 4.939346269379186 4.939346269379186 19.757385077516744 19.757385077516744 19.757385077516744
 2360 262144 229064.316 229064.316 229064.316 5.401625629022026 5.401625629022026 5.401625629022026 21.606502516088103 21.606502516088103 21.606502516088103
 2592 262144 232000.549 232000.549 232000.549 5.857548621576753 5.857548621576753 5.857548621576753 23.430194486307013 23.430194486307013 23.430194486307013
 2848 262144 232133.82 232133.82 232133.82 6.432376910869773 6.432376910869773 6.432376910869773 25.729507643479092 25.729507643479092 25.729507643479092
 3128 262144 237901.443 237901.443 237901.443 6.893496917544969 6.893496917544969 6.893496917544969 27.573987670179875 27.573987670179875 27.573987670179875
 3440 262144 238583.618 238583.618 238583.618 7.559407201210269 7.559407201210269 7.559407201210269 30.237628804841076 30.237628804841076 30.237628804841076
 3784 262144 248305.145 248305.145 248305.145 7.989789305412903 7.989789305412903 7.989789305412903 31.959157221651612 31.959157221651612 31.959157221651612
 4160 131072 134467.773 134467.773 134467.773 8.109891431012247 8.109891431012247 8.109891431012247 32.43956572404899 32.43956572404899 32.43956572404899
 4576 131072 135218.399 135218.399 135218.399 8.87135887476378 8.87135887476378 8.87135887476378 35.48543549905512 35.48543549905512 35.48543549905512
 5032 131072 133101.99 133101.99 133101.99 9.910510038204539 9.910510038204539 9.910510038204539 39.642040152818154 39.642040152818154 39.642040152818154
 5528 131072 150099.747 150099.747 150099.747 9.654460190395923 9.654460190395923 9.654460190395923 38.61784076158369 38.61784076158369 38.61784076158369
 6080 131072 161739.105 161739.105 161739.105 9.85436094752719 9.85436094752719 9.85436094752719 39.41744379010876 39.41744379010876 39.41744379010876
 6688 131072 173548.126 173548.126 173548.126 10.102206877186331 10.102206877186331 10.102206877186331 40.408827508745325 40.408827508745325 40.408827508745325
 7352 131072 178382.401 178382.401 178382.401 10.804219907321462 10.804219907321462 10.804219907321462 43.21687962928585 43.21687962928585 43.21687962928585
 8080 131072 184541.245 184541.245 184541.245 11.477778422921121 11.477778422921121 11.477778422921121 45.911113691684484 45.911113691684484 45.911113691684484
 8888 65536 92334.496 92334.496 92334.496 12.616822384561454 12.616822384561454 12.616822384561454 50.467289538245815 50.467289538245815 50.467289538245815
 9776 65536 92281.57 92281.57 92281.57 13.88532804545913 13.88532804545913 13.88532804545913 55.54131218183652 55.54131218183652 55.54131218183652
 10752 65536 92260.994 92260.994 92260.994 15.274994154084226 15.274994154084226 15.274994154084226 61.0999766163369 61.0999766163369 61.0999766163369
 11824 65536 92308.319 92308.319 92308.319 16.789335401070407 16.789335401070407 16.789335401070407 67.15734160428163 67.15734160428163 67.15734160428163
 13000 65536 92241.058 92241.058 92241.058 18.472641543205196 18.472641543205196 18.472641543205196 73.89056617282078 73.89056617282078 73.89056617282078
 14296 65536 92277.855 92277.855 92277.855 20.306121246533095 20.306121246533095 20.306121246533095 81.22448498613238 81.22448498613238 81.22448498613238
 15720 65536 92233.597 92233.597 92233.597 22.339493492810433 22.339493492810433 22.339493492810433 89.35797397124173 89.35797397124173 89.35797397124173
 17288 32768 46393.375 46393.375 46393.375 24.421296532101838 24.421296532101838 24.421296532101838 97.68518612840735 97.68518612840735 97.68518612840735
 19016 32768 46404.991 46404.991 46404.991 26.85557197931576 26.85557197931576 26.85557197931576 107.42228791726303 107.42228791726303 107.42228791726303
 20912 32768 46382.271 46382.271 46382.271 29.547687132439027 29.547687132439027 29.547687132439027 118.1907485297561 118.1907485297561 118.1907485297561
 23000 32768 46364.929 46364.929 46364.929 32.51008968438192 32.51008968438192 32.51008968438192 130.04035873752767 130.04035873752767 130.04035873752767
 25296 32768 46437.889 46437.889 46437.889 35.69926824193063 35.69926824193063 35.69926824193063 142.79707296772253 142.79707296772253 142.79707296772253
 27824 32768 46467.522 46467.522 46467.522 39.24189596337847 39.24189596337847 39.24189596337847 156.96758385351387 156.96758385351387 156.96758385351387
 30600 32768 46453.182 46453.182 46453.182 43.17038174048012 43.17038174048012 43.17038174048012 172.68152696192047 172.68152696192047 172.68152696192047
 33656 16384 23245.377 23245.377 23245.377 47.443403821757755 47.443403821757755 47.443403821757755 189.77361528703102 189.77361528703102 189.77361528703102
 37016 16384 23250.273 23250.273 23250.273 52.16886218927407 52.16886218927407 52.16886218927407 208.6754487570963 208.6754487570963 208.6754487570963
 40712 16384 23240.704 23240.704 23240.704 57.40148043708142 57.40148043708142 57.40148043708142 229.60592174832567 229.60592174832567 229.60592174832567
 44776 16384 23252.577 23252.577 23252.577 63.09924134430347 63.09924134430347 63.09924134430347 252.3969653772139 252.3969653772139 252.3969653772139
 49248 16384 23249.216 23249.216 23249.216 69.41130677266709 69.41130677266709 69.41130677266709 277.64522709066836 277.64522709066836 277.64522709066836
 54168 16384 23253.281 23253.281 23253.281 76.33232591994222 76.33232591994222 76.33232591994222 305.3293036797689 305.3293036797689 305.3293036797689
 59584 16384 23238.913 23238.913 23238.913 84.01634413795516 84.01634413795516 84.01634413795516 336.06537655182063 336.06537655182063 336.06537655182063
 65536 16384 23232.767 23232.767 23232.767 92.43340011975327 92.43340011975327 92.43340011975327 369.7336004790131 369.7336004790131 369.7336004790131
 72088 8192 11931.616 11931.616 11931.616 98.98825037614351 98.98825037614351 98.98825037614351 395.95300150457405 395.95300150457405 395.95300150457405
 79296 8192 11618.368 11618.368 11618.368 111.82170025945123 111.82170025945123 111.82170025945123 447.28680103780493 447.28680103780493 447.28680103780493
 87224 8192 11624.576 11624.576 11624.576 122.93592609313235 122.93592609313235 122.93592609313235 491.7437043725294 491.7437043725294 491.7437043725294
 95944 8192 11649.376 11649.376 11649.376 134.93825729378125 134.93825729378125 134.93825729378125 539.753029175125 539.753029175125 539.753029175125
 105536 8192 11627.232 11627.232 11627.232 148.71138926272394 148.71138926272394 148.71138926272394 594.8455570508958 594.8455570508958 594.8455570508958
 116088 8192 11619.104 11619.104 11619.104 163.6947041699601 163.6947041699601 163.6947041699601 654.7788166798404 654.7788166798404 654.7788166798404
 127696 8192 11641.824 11641.824 11641.824 179.7116383137213 179.7116383137213 179.7116383137213 718.8465532548852 718.8465532548852 718.8465532548852
 140464 4096 5833.792 5833.792 5833.792 197.24410606343181 197.24410606343181 197.24410606343181 788.9764242537273 788.9764242537273 788.9764242537273
 154504 4096 6047.264 6047.264 6047.264 209.30072971843134 209.30072971843134 209.30072971843134 837.2029188737254 837.2029188737254 837.2029188737254
 169952 4096 5816.64 5816.64 5816.64 239.3558452990042 239.3558452990042 239.3558452990042 957.4233811960167 957.4233811960167 957.4233811960167
 186944 4096 6474.016 6474.016 6474.016 236.55258930469125 236.55258930469125 236.55258930469125 946.210357218765 946.210357218765 946.210357218765
 205632 4096 6396.064 6396.064 6396.064 263.37093312387117 263.37093312387117 263.37093312387117 1053.4837324954847 1053.4837324954847 1053.4837324954847
 226192 4096 6463.904 6463.904 6463.904 286.663425694441 286.663425694441 286.663425694441 1146.653702777764 1146.653702777764 1146.653702777764
 248808 4096 6467.808 6467.808 6467.808 315.13538064209695 315.13538064209695 315.13538064209695 1260.5415225683878 1260.5415225683878 1260.5415225683878
 273688 2048 3245.344 3245.344 3245.344 345.425954228581 345.425954228581 345.425954228581 1381.703816914324 1381.703816914324 1381.703816914324
 301056 2048 3238.4 3238.4 3238.4 380.78229249011855 380.78229249011855 380.78229249011855 1523.1291699604742 1523.1291699604742 1523.1291699604742
 331160 2048 3251.232 3251.232 3251.232 417.2053424671017 417.2053424671017 417.2053424671017 1668.8213698684067 1668.8213698684067 1668.8213698684067
 364272 2048 3254.912 3254.912 3254.912 458.4019819890676 458.4019819890676 458.4019819890676 1833.6079279562705 1833.6079279562705 1833.6079279562705
 400696 2048 3260.928 3260.928 3260.928 503.30789762914117 503.30789762914117 503.30789762914117 2013.2315905165647 2013.2315905165647 2013.2315905165647
 440760 2048 3268.448 3268.448 3268.448 552.3578652620449 552.3578652620449 552.3578652620449 2209.4314610481797 2209.4314610481797 2209.4314610481797
 484832 2048 5126.4 5126.4 5126.4 387.38137328339576 387.38137328339576 387.38137328339576 1549.525493133583 1549.525493133583 1549.525493133583
 533312 1024 2570.88 2570.88 2570.88 424.8440129449838 424.8440129449838 424.8440129449838 1699.376051779935 1699.376051779935 1699.376051779935
 586640 1024 2573.568 2573.568 2573.568 466.83775987267484 466.83775987267484 466.83775987267484 1867.3510394906993 1867.3510394906993 1867.3510394906993
 645304 1024 2574.688 2574.688 2574.688 513.2981518537392 513.2981518537392 513.2981518537392 2053.192607414957 2053.192607414957 2053.192607414957
 709832 1024 2571.328 2571.328 2571.328 565.3638648978272 565.3638648978272 565.3638648978272 2261.4554595913087 2261.4554595913087 2261.4554595913087
 780808 1024 2575.232 2575.232 2575.232 620.951737163875 620.951737163875 620.951737163875 2483.8069486555 2483.8069486555 2483.8069486555
 858888 1024 2741.376 2741.376 2741.376 641.6495307466031 641.6495307466031 641.6495307466031 2566.5981229864124 2566.5981229864124 2566.5981229864124
 944776 1024 3802.816 3802.816 3802.816 508.80748582103377 508.80748582103377 508.80748582103377 2035.229943284135 2035.229943284135 2035.229943284135
 1039248 1024 3815.04 3815.04 3815.04 557.8918973326623 557.8918973326623 557.8918973326623 2231.5675893306493 2231.5675893306493 2231.5675893306493
 1143168 512 1914.592 1914.592 1914.592 611.4117430763316 611.4117430763316 611.4117430763316 2445.6469723053265 2445.6469723053265 2445.6469723053265
 1257480 512 1920.224 1920.224 1920.224 670.5777659273085 670.5777659273085 670.5777659273085 2682.311063709234 2682.311063709234 2682.311063709234
 1383224 512 2548.992 2548.992 2548.992 555.6790197850758 555.6790197850758 555.6790197850758 2222.716079140303 2222.716079140303 2222.716079140303
 1521544 512 2566.784 2566.784 2566.784 607.0090260808857 607.0090260808857 607.0090260808857 2428.036104323543 2428.036104323543 2428.036104323543
 1673696 512 2750.784 2750.784 2750.784 623.0459040040948 623.0459040040948 623.0459040040948 2492.1836160163793 2492.1836160163793 2492.1836160163793
 1841064 512 2944.672 2944.672 2944.672 640.2239488812336 640.2239488812336 640.2239488812336 2560.8957955249343 2560.8957955249343 2560.8957955249343
 2025168 512 3124.928 3124.928 3124.928 663.6223400987159 663.6223400987159 663.6223400987159 2654.4893603948635 2654.4893603948635 2654.4893603948635
 2227680 256 1554.368 1554.368 1554.368 733.7851525507474 733.7851525507474 733.7851525507474 2935.1406102029896 2935.1406102029896 2935.1406102029896
 2450448 256 1846.656 1846.656 1846.656 679.4061135371179 679.4061135371179 679.4061135371179 2717.6244541484716 2717.6244541484716 2717.6244541484716
 2695488 256 2163.392 2163.392 2163.392 637.9287045528504 637.9287045528504 637.9287045528504 2551.7148182114015 2551.7148182114015 2551.7148182114015
 2965032 256 2476.608 2476.608 2476.608 612.9740289944956 612.9740289944956 612.9740289944956 2451.8961159779824 2451.8961159779824 2451.8961159779824
 3261528 256 2457.856 2457.856 2457.856 679.4142276846162 679.4142276846162 679.4142276846162 2717.656910738465 2717.656910738465 2717.656910738465
 3587680 256 2724.544 2724.544 2724.544 674.2016865941605 674.2016865941605 674.2016865941605 2696.806746376642 2696.806746376642 2696.806746376642
 3946448 256 3036.224 3036.224 3036.224 665.4915368563057 665.4915368563057 665.4915368563057 2661.966147425223 2661.966147425223 2661.966147425223
 4341088 128 1837.952 1837.952 1837.952 604.650463124173 604.650463124173 604.650463124173 2418.601852496692 2418.601852496692 2418.601852496692
 4775192 128 1675.456 1675.456 1675.456 729.6217578975516 729.6217578975516 729.6217578975516 2918.4870315902062 2918.4870315902062 2918.4870315902062
 5252704 128 1964.416 1964.416 1964.416 684.5251840750635 684.5251840750635 684.5251840750635 2738.100736300254 2738.100736300254 2738.100736300254
 5777968 128 2120.864 2120.864 2120.864 697.4326538618222 697.4326538618222 697.4326538618222 2789.730615447289 2789.730615447289 2789.730615447289
 6355760 128 2260.416 2260.416 2260.416 719.8119992072255 719.8119992072255 719.8119992072255 2879.247996828902 2879.247996828902 2879.247996828902
 6991336 128 2419.52 2419.52 2419.52 739.7260679804258 739.7260679804258 739.7260679804258 2958.904271921703 2958.904271921703 2958.904271921703
 7690464 128 4072.576 4072.576 4072.576 483.41854983185095 483.41854983185095 483.41854983185095 1933.6741993274038 1933.6741993274038 1933.6741993274038
 8459504 64 2271.648 2271.648 2271.648 476.66562425164454 476.66562425164454 476.66562425164454 1906.6624970065782 1906.6624970065782 1906.6624970065782
 9305448 64 2670.24 2670.24 2670.24 446.0637785367607 446.0637785367607 446.0637785367607 1784.2551141470428 1784.2551141470428 1784.2551141470428
 10235992 64 2896.608 2896.608 2896.608 452.3245727416343 452.3245727416343 452.3245727416343 1809.2982909665373 1809.2982909665373 1809.2982909665373
 11259584 64 3207.328 3207.328 3207.328 449.3543385646868 449.3543385646868 449.3543385646868 1797.4173542587473 1797.4173542587473 1797.4173542587473
 12385536 64 3437.568 3437.568 3437.568 461.18319928507594 461.18319928507594 461.18319928507594 1844.7327971403038 1844.7327971403038 1844.7327971403038
 13624088 64 3801.728 3801.728 3801.728 458.7080569677789 458.7080569677789 458.7080569677789 1834.8322278711155 1834.8322278711155 1834.8322278711155
 14986496 64 4154.176 4154.176 4154.176 461.7694310496232 461.7694310496232 461.7694310496232 1847.077724198493 1847.077724198493 1847.077724198493
 16485144 64 4539.552 4539.552 4539.552 464.8252585277138 464.8252585277138 464.8252585277138 1859.3010341108552 1859.3010341108552 1859.3010341108552
 18133656 32 2637.824 2637.824 2637.824 439.96642080745346 439.96642080745346 439.96642080745346 1759.8656832298138 1759.8656832298138 1759.8656832298138
 19947016 32 2932.704 2932.704 2932.704 435.30101367202417 435.30101367202417 435.30101367202417 1741.2040546880967 1741.2040546880967 1741.2040546880967
 21941712 32 3210.016 3210.016 3210.016 437.46497462940994 437.46497462940994 437.46497462940994 1749.8598985176397 1749.8598985176397 1749.8598985176397
 24135880 32 3381.696 3381.696 3381.696 456.7815439353507 456.7815439353507 456.7815439353507 1827.126175741403 1827.126175741403 1827.126175741403
 26549464 32 3932.672 3932.672 3932.672 432.06392396823327 432.06392396823327 432.06392396823327 1728.255695872933 1728.255695872933 1728.255695872933
 29204408 32 4342.816 4342.816 4342.816 430.38482680362233 430.38482680362233 430.38482680362233 1721.5393072144893 1721.5393072144893 1721.5393072144893
 32124848 32 4743.168 4743.168 4743.168 433.46351468048357 433.46351468048357 433.46351468048357 1733.8540587219343 1733.8540587219343 1733.8540587219343
 35337328 16 2633.472 2633.472 2633.472 429.39302031690477 429.39302031690477 429.39302031690477 1717.572081267619 1717.572081267619 1717.572081267619
 38871056 16 2716.416 2716.416 2716.416 457.9099048157572 457.9099048157572 457.9099048157572 1831.6396192630289 1831.6396192630289 1831.6396192630289
 42758160 16 3175.008 3175.008 3175.008 430.947298400508 430.947298400508 430.947298400508 1723.789193602032 1723.789193602032 1723.789193602032
 47033976 16 3496.32 3496.32 3496.32 430.47753981328935 430.47753981328935 430.47753981328935 1721.9101592531574 1721.9101592531574 1721.9101592531574
 51737368 16 3885.12 3885.12 3885.12 426.1376163413228 426.1376163413228 426.1376163413228 1704.5504653652913 1704.5504653652913 1704.5504653652913
 56911104 16 4234.144 4234.144 4234.144 430.1118072507689 430.1118072507689 430.1118072507689 1720.4472290030756 1720.4472290030756 1720.4472290030756
 62602208 16 4659.2 4659.2 4659.2 429.96021978021986 429.96021978021986 429.96021978021986 1719.8408791208794 1719.8408791208794 1719.8408791208794
 68862424 8 2581.376 2581.376 2581.376 426.8261516338573 426.8261516338573 426.8261516338573 1707.3046065354292 1707.3046065354292 1707.3046065354292
 75748664 8 2816.064 2816.064 2816.064 430.38035499193194 430.38035499193194 430.38035499193194 1721.5214199677278 1721.5214199677278 1721.5214199677278
 83323528 8 2944.0 2944.0 2944.0 452.8452608695652 452.8452608695652 452.8452608695652 1811.3810434782608 1811.3810434782608 1811.3810434782608
 91655880 8 3419.936 3419.936 3419.936 428.80746306363625 428.80746306363625 428.80746306363625 1715.229852254545 1715.229852254545 1715.229852254545
 100821464 8 3767.2 3767.2 3767.2 428.2075345083882 428.2075345083882 428.2075345083882 1712.8301380335529 1712.8301380335529 1712.8301380335529
 110903608 8 4149.888 4149.888 4149.888 427.59171524629096 427.59171524629096 427.59171524629096 1710.3668609851638 1710.3668609851638 1710.3668609851638
 121993968 8 4593.792 4593.792 4593.792 424.9002758505391 424.9002758505391 424.9002758505391 1699.6011034021565 1699.6011034021565 1699.6011034021565
 134193360 8 5048.512 5048.512 5048.512 425.2923950661106 425.2923950661106 425.2923950661106 1701.1695802644424 1701.1695802644424 1701.1695802644424
 147612696 4 2783.232 2783.232 2783.232 424.2914597130242 424.2914597130242 424.2914597130242 1697.1658388520968 1697.1658388520968 1697.1658388520968
 162373960 4 3062.784 3062.784 3062.784 424.121217820127 424.121217820127 424.121217820127 1696.484871280508 1696.484871280508 1696.484871280508
 178611352 4 3363.232 3363.232 3363.232 424.8564523648681 424.8564523648681 424.8564523648681 1699.4258094594725 1699.4258094594725 1699.4258094594725
 196472480 4 3711.456 3711.456 3711.456 423.4941327608356 423.4941327608356 423.4941327608356 1693.9765310433424 1693.9765310433424 1693.9765310433424
 216119728 4 4058.368 4058.368 4058.368 426.0229294139911 426.0229294139911 426.0229294139911 1704.0917176559644 1704.0917176559644 1704.0917176559644
 237731696 4 4550.752 4550.752 4550.752 417.9207234320832 417.9207234320832 417.9207234320832 1671.6828937283328 1671.6828937283328 1671.6828937283328
 261504864 4 4943.648 4943.648 4943.648 423.1771582442763 423.1771582442763 423.1771582442763 1692.7086329771053 1692.7086329771053 1692.7086329771053
 287655344 2 2730.176 2730.176 2730.176 421.4458613657141 421.4458613657141 421.4458613657141 1685.7834454628564 1685.7834454628564 1685.7834454628564
 316420872 2 3009.248 3009.248 3009.248 420.59793277257313 420.59793277257313 420.59793277257313 1682.3917310902925 1682.3917310902925 1682.3917310902925
 348062952 2 3302.656 3302.656 3302.656 421.55519920936365 421.55519920936365 421.55519920936365 1686.2207968374546 1686.2207968374546 1686.2207968374546
 382869240 2 3615.2 3615.2 3615.2 423.621641956185 423.621641956185 423.621641956185 1694.48656782474 1694.48656782474 1694.48656782474
 421156160 2 4006.368 4006.368 4006.368 420.48674510179796 420.48674510179796 420.48674510179796 1681.9469804071919 1681.9469804071919 1681.9469804071919
 463271776 2 4414.496 4414.496 4414.496 419.7731981181997 419.7731981181997 419.7731981181997 1679.0927924727987 1679.0927924727987 1679.0927924727987
 509598952 2 4835.648 4835.648 4835.648 421.5351919742711 421.5351919742711 421.5351919742711 1686.1407678970843 1686.1407678970843 1686.1407678970843
 560558840 1 2687.2 2687.2 2687.2 417.20663888061927 417.20663888061927 417.20663888061927 1668.826555522477 1668.826555522477 1668.826555522477
 616614720 1 2955.84 2955.84 2955.84 417.2179278986684 417.2179278986684 417.2179278986684 1668.8717115946736 1668.8717115946736 1668.8717115946736
 678276192 1 3231.072 3231.072 3231.072 419.84591615414325 419.84591615414325 419.84591615414325 1679.383664616573 1679.383664616573 1679.383664616573
 746103808 1 3570.848 3570.848 3570.848 417.88606403857005 417.88606403857005 417.88606403857005 1671.5442561542802 1671.5442561542802 1671.5442561542802
 820714184 1 3910.08 3910.08 3910.08 419.79406252557493 419.79406252557493 419.79406252557493 1679.1762501022997 1679.1762501022997 1679.1762501022997
 902785600 1 4300.832 4300.832 4300.832 419.8190489654095 419.8190489654095 419.8190489654095 1679.276195861638 1679.276195861638 1679.276195861638
 993064160 1 4730.528 4730.528 4730.528 419.8534117121809 419.8534117121809 419.8534117121809 1679.4136468487236 1679.4136468487236 1679.4136468487236
 
META_DATA
 FLOPS          64
 GPU_BLOCKS     160
 GPU_THREADS    1024
 ERT_VERSION  1.1.0
 HOSTNAME  ('kp361.kingspeak.peaks', ['kp361'], ['10.242.2.107'])
 UNAME  uname_result(system='Linux', node='kp361', release='3.10.0-957.27.2.el7.x86_64', version='#1 SMP Mon Jul 29 17:46:05 UTC 2019', machine='x86_64', processor='x86_64')
 TIMESTAMP_DATA  1617136274.194078
 CONFIG  {'ERT_RESULTS': ['Results/Results.kingspeak-p100-gpu.01'], 'ERT_DRIVER': ['driver1'], 'ERT_KERNEL': ['kernel1'], 'ERT_GPU': ['True'], 'ERT_GPU_CFLAGS': ['-x', 'cu', '-arch=sm_60'], 'ERT_GPU_LDFLAGS': [], 'ERT_FLOPS': ['1,64,256,512,1024'], 'ERT_ALIGN': ['32'], 'ERT_CC': ['nvcc'], 'ERT_CFLAGS': ['-O3', '-std=c++11'], 'ERT_LD': ['nvcc'], 'ERT_LDFLAGS': [], 'ERT_LDLIBS': [], 'ERT_RUN': ['srun', '-n', '1', './ERT_CODE'], 'ERT_PRECISION': ['FP64'], 'ERT_BLOCKS_THREADS': ['163840'], 'ERT_GPU_BLOCKS': ['160,320,640,1280,2560'], 'ERT_GPU_THREADS': ['1024,512,256,128,64'], 'ERT_NUM_EXPERIMENTS': ['1'], 'ERT_MEMORY_MAX': ['1073741824'], 'ERT_WORKING_SET_MIN': ['128'], 'ERT_TRIALS_MIN': ['1'], 'ERT_GNUPLOT': ['gnuplot'], 'ERT_MPI': [False], 'ERT_OPENMP': [False], 'ERT_HIP': [False], 'ERT_OCL': [False], 'ERT_SYCL': [False], 'ERT_WSS_MULT': [1.1]}
 