fp64
 1024 1048576 753240.54 753240.54 753240.54 2.8509931873820813 2.8509931873820813 2.8509931873820813 0.17818707421138008 0.17818707421138008 0.17818707421138008
 1120 524288 339203.308 339203.308 339203.308 3.4622454802239133 3.4622454802239133 3.4622454802239133 0.21639034251399458 0.21639034251399458 0.21639034251399458
 1232 524288 339143.677 339143.677 339143.677 3.8091396644260596 3.8091396644260596 3.8091396644260596 0.23807122902662872 0.23807122902662872 0.23807122902662872
 1352 524288 379797.913 379797.913 379797.913 3.7327081152233714 3.7327081152233714 3.7327081152233714 0.23329425720146071 0.23329425720146071 0.23329425720146071
 1480 524288 379431.213 379431.213 379431.213 4.090049597474734 4.090049597474734 4.090049597474734 0.2556280998421709 0.2556280998421709 0.2556280998421709
 1624 524288 340762.787 340762.787 340762.787 4.997281067548024 4.997281067548024 4.997281067548024 0.3123300667217515 0.3123300667217515 0.3123300667217515
 1784 524288 343270.691 343270.691 343270.691 5.44951734315121 5.44951734315121 5.44951734315121 0.3405948339469506 0.3405948339469506 0.3405948339469506
 1960 524288 340064.27 340064.27 340064.27 6.043589819065672 6.043589819065672 6.043589819065672 0.3777243636916045 0.3777243636916045 0.3777243636916045
 2152 262144 169238.754 169238.754 169238.754 6.666722304041544 6.666722304041544 6.666722304041544 0.4166701440025965 0.4166701440025965 0.4166701440025965
 2360 262144 188794.174 188794.174 188794.174 6.5538022375626905 6.5538022375626905 6.5538022375626905 0.40961263984766816 0.40961263984766816 0.40961263984766816
 2592 262144 168163.361 168163.361 168163.361 8.08115684605043 8.08115684605043 8.08115684605043 0.5050723028781519 0.5050723028781519 0.5050723028781519
 2848 262144 187149.628 187149.628 187149.628 7.978494213197155 7.978494213197155 7.978494213197155 0.49865588832482216 0.49865588832482216 0.49865588832482216
 3128 262144 166777.313 166777.313 166777.313 9.833309066443588 9.833309066443588 9.833309066443588 0.6145818166527243 0.6145818166527243 0.6145818166527243
 3440 262144 187026.688 187026.688 187026.688 9.643280000766522 9.643280000766522 9.643280000766522 0.6027050000479076 0.6027050000479076 0.6027050000479076
 3784 262144 166817.413 166817.413 166817.413 11.892678086309852 11.892678086309852 11.892678086309852 0.7432923803943657 0.7432923803943657 0.7432923803943657
 4160 131072 93469.566 93469.566 93469.566 11.667102851424387 11.667102851424387 11.667102851424387 0.7291939282140242 0.7291939282140242 0.7291939282140242
 4576 131072 86378.273 86378.273 86378.273 13.887415229984974 13.887415229984974 13.887415229984974 0.8679634518740609 0.8679634518740609 0.8679634518740609
 5032 131072 94716.194 94716.194 94716.194 13.926959607350778 13.926959607350778 13.926959607350778 0.8704349754594236 0.8704349754594236 0.8704349754594236
 5528 131072 86206.818 86206.818 86206.818 16.809946888423603 16.809946888423603 16.809946888423603 1.0506216805264752 1.0506216805264752 1.0506216805264752
 6080 131072 95545.441 95545.441 95545.441 16.681439776912015 16.681439776912015 16.681439776912015 1.042589986057001 1.042589986057001 1.042589986057001
 6688 131072 93703.011 93703.011 93703.011 18.71038137717901 18.71038137717901 18.71038137717901 1.1693988360736882 1.1693988360736882 1.1693988360736882
 7352 131072 93605.087 93605.087 93605.087 20.589508003982733 20.589508003982733 20.589508003982733 1.2868442502489208 1.2868442502489208 1.2868442502489208
 8080 131072 93494.141 93494.141 93494.141 22.655147128417386 22.655147128417386 22.655147128417386 1.4159466955260867 1.4159466955260867 1.4159466955260867
 8888 65536 47115.456 47115.456 47115.456 24.72581260807494 24.72581260807494 24.72581260807494 1.5453632880046837 1.5453632880046837 1.5453632880046837
 9776 65536 47162.56 47162.56 47162.56 27.16900592334258 27.16900592334258 27.16900592334258 1.6980628702089113 1.6980628702089113 1.6980628702089113
 10752 65536 48131.714 48131.714 48131.714 29.27978305530528 29.27978305530528 29.27978305530528 1.82998644095658 1.82998644095658 1.82998644095658
 11824 65536 47141.441 47141.441 47141.441 32.87543390962529 32.87543390962529 32.87543390962529 2.054714619351581 2.054714619351581 2.054714619351581
 13000 65536 47651.234 47651.234 47651.234 35.758486338465026 35.758486338465026 35.758486338465026 2.234905396154064 2.234905396154064 2.234905396154064
 14296 65536 47354.942 47354.942 47354.942 39.56937191476234 39.56937191476234 39.56937191476234 2.4730857446726464 2.4730857446726464 2.4730857446726464
 15720 65536 47426.529 47426.529 47426.529 43.44513257548322 43.44513257548322 43.44513257548322 2.7153207859677013 2.7153207859677013 2.7153207859677013
 17288 32768 23596.895 23596.895 23596.895 48.014214073504164 48.014214073504164 48.014214073504164 3.0008883795940102 3.0008883795940102 3.0008883795940102
 19016 32768 23710.4 23710.4 23710.4 52.56058843376745 52.56058843376745 52.56058843376745 3.2850367771104656 3.2850367771104656 3.2850367771104656
 20912 32768 23542.976 23542.976 23542.976 58.21221718103947 58.21221718103947 58.21221718103947 3.638263573814967 3.638263573814967 3.638263573814967
 23000 32768 23509.537 23509.537 23509.537 64.11559700218682 64.11559700218682 64.11559700218682 4.007224812636676 4.007224812636676 4.007224812636676
 25296 32768 23802.401 23802.401 23802.401 69.6483794218911 69.6483794218911 69.6483794218911 4.353023713868193 4.353023713868193 4.353023713868193
 27824 32768 23686.399 23686.399 23686.399 76.9839967654011 76.9839967654011 76.9839967654011 4.811499797837569 4.811499797837569 4.811499797837569
 30600 32768 23857.248 23857.248 23857.248 84.05837923971784 84.05837923971784 84.05837923971784 5.253648702482365 5.253648702482365 5.253648702482365
 33656 16384 11908.832 11908.832 11908.832 92.60688269009083 92.60688269009083 92.60688269009083 5.787930168130677 5.787930168130677 5.787930168130677
 37016 16384 11927.008 11927.008 11927.008 101.69694595660538 101.69694595660538 101.69694595660538 6.356059122287836 6.356059122287836 6.356059122287836
 40712 16384 11902.592 11902.592 11902.592 112.08069771693425 112.08069771693425 112.08069771693425 7.005043607308391 7.005043607308391 7.005043607308391
 44776 16384 11910.272 11910.272 11910.272 123.18945931713397 123.18945931713397 123.18945931713397 7.699341207320873 7.699341207320873 7.699341207320873
 49248 16384 11915.552 11915.552 11915.552 135.43295887592956 135.43295887592956 135.43295887592956 8.464559929745597 8.464559929745597 8.464559929745597
 54168 16384 11865.504 11865.504 11865.504 149.59137209847975 149.59137209847975 149.59137209847975 9.349460756154985 9.349460756154985 9.349460756154985
 59584 16384 11865.856 11865.856 11865.856 164.54341869646825 164.54341869646825 164.54341869646825 10.283963668529266 10.283963668529266 10.283963668529266
 65536 16384 11889.408 11889.408 11889.408 180.62157914002114 180.62157914002114 180.62157914002114 11.288848696251321 11.288848696251321 11.288848696251321
 72088 8192 5903.648 5903.648 5903.648 200.0610117676393 200.0610117676393 200.0610117676393 12.503813235477455 12.503813235477455 12.503813235477455
 79296 8192 5908.224 5908.224 5908.224 219.89444949954503 219.89444949954503 219.89444949954503 13.743403093721565 13.743403093721565 13.743403093721565
 87224 8192 5923.008 5923.008 5923.008 241.27571936421498 241.27571936421498 241.27571936421498 15.079732460263436 15.079732460263436 15.079732460263436
 95944 8192 5877.088 5877.088 5877.088 267.4703009381517 267.4703009381517 267.4703009381517 16.71689380863448 16.71689380863448 16.71689380863448
 105536 8192 5935.168 5935.168 5935.168 291.3315720801838 291.3315720801838 291.3315720801838 18.208223255011486 18.208223255011486 18.208223255011486
 116088 8192 5945.472 5945.472 5945.472 319.90492798553254 319.90492798553254 319.90492798553254 19.994057999095784 19.994057999095784 19.994057999095784
 127696 8192 5836.992 5836.992 5836.992 358.4331217174874 358.4331217174874 358.4331217174874 22.40207010734296 22.40207010734296 22.40207010734296
 140464 4096 2974.752 2974.752 2974.752 386.81580447714634 386.81580447714634 386.81580447714634 24.175987779821646 24.175987779821646 24.175987779821646
 154504 4096 3003.584 3003.584 3003.584 421.39549551469185 421.39549551469185 421.39549551469185 26.33721846966824 26.33721846966824 26.33721846966824
 169952 4096 3037.92 3037.92 3037.92 458.28948227734764 458.28948227734764 458.28948227734764 28.643092642334228 28.643092642334228 28.643092642334228
 186944 4096 2753.408 2753.408 2753.408 556.1998977267446 556.1998977267446 556.1998977267446 34.762493607921535 34.762493607921535 34.762493607921535
 205632 4096 2982.752 2982.752 2982.752 564.7594382637243 564.7594382637243 564.7594382637243 35.29746489148277 35.29746489148277 35.29746489148277
 226192 4096 3041.28 3041.28 3041.28 609.2713804713804 609.2713804713804 609.2713804713804 38.07946127946128 38.07946127946128 38.07946127946128
 248808 4096 3042.4 3042.4 3042.4 669.9431816986589 669.9431816986589 669.9431816986589 41.87144885616618 41.87144885616618 41.87144885616618
 273688 2048 1494.272 1494.272 1494.272 750.215521672092 750.215521672092 750.215521672092 46.88847010450575 46.88847010450575 46.88847010450575
 301056 2048 1489.504 1489.504 1489.504 827.8765119126904 827.8765119126904 827.8765119126904 51.74228199454315 51.74228199454315 51.74228199454315
 331160 2048 1505.984 1505.984 1505.984 900.6944031277889 900.6944031277889 900.6944031277889 56.293400195486804 56.293400195486804 56.293400195486804
 364272 2048 1590.816 1590.816 1590.816 937.9199806891558 937.9199806891558 937.9199806891558 58.619998793072234 58.619998793072234 58.619998793072234
 400696 2048 1614.176 1614.176 1614.176 1016.7731498919572 1016.7731498919572 1016.7731498919572 63.54832186824733 63.54832186824733 63.54832186824733
 440760 2048 1590.016 1590.016 1590.016 1135.430687489937 1135.430687489937 1135.430687489937 70.96441796812107 70.96441796812107 70.96441796812107
 484832 2048 1651.04 1651.04 1651.04 1202.8005814516912 1202.8005814516912 1202.8005814516912 75.1750363407307 75.1750363407307 75.1750363407307
 533312 1024 905.632 905.632 905.632 1206.033991731741 1206.033991731741 1206.033991731741 75.37712448323381 75.37712448323381 75.37712448323381
 586640 1024 946.368 946.368 946.368 1269.5259349428552 1269.5259349428552 1269.5259349428552 79.34537093392845 79.34537093392845 79.34537093392845
 645304 1024 933.856 933.856 933.856 1415.1888428194497 1415.1888428194497 1415.1888428194497 88.44930267621561 88.44930267621561 88.44930267621561
 709832 1024 991.968 991.968 991.968 1465.5068873189457 1465.5068873189457 1465.5068873189457 91.5941804574341 91.5941804574341 91.5941804574341
 780808 1024 987.456 987.456 987.456 1619.408646056128 1619.408646056128 1619.408646056128 101.213040378508 101.213040378508 101.213040378508
 858888 1024 1144.736 1144.736 1144.736 1536.6011237525506 1536.6011237525506 1536.6011237525506 96.03757023453441 96.03757023453441 96.03757023453441
 944776 1024 1660.096 1660.096 1660.096 1165.5357569682717 1165.5357569682717 1165.5357569682717 72.84598481051698 72.84598481051698 72.84598481051698
 1039248 1024 1843.648 1843.648 1843.648 1154.439407088555 1154.439407088555 1154.439407088555 72.15246294303469 72.15246294303469 72.15246294303469
 1143168 512 1040.512 1040.512 1040.512 1125.0269405830975 1125.0269405830975 1125.0269405830975 70.31418378644359 70.31418378644359 70.31418378644359
 1257480 512 1046.752 1046.752 1046.752 1230.1476567515515 1230.1476567515515 1230.1476567515515 76.88422854697197 76.88422854697197 76.88422854697197
 1383224 512 1046.208 1046.208 1046.208 1353.8621153728511 1353.8621153728511 1353.8621153728511 84.6163822108032 84.6163822108032 84.6163822108032
 1521544 512 1047.488 1047.488 1047.488 1487.4261623999512 1487.4261623999512 1487.4261623999512 92.96413514999695 92.96413514999695 92.96413514999695
 1673696 512 1057.056 1057.056 1057.056 1621.3565828111282 1621.3565828111282 1621.3565828111282 101.33478642569551 101.33478642569551 101.33478642569551
 1841064 512 1173.184 1173.184 1173.184 1606.9512847089627 1606.9512847089627 1606.9512847089627 100.43445529431017 100.43445529431017 100.43445529431017
 2025168 512 1437.408 1437.408 1437.408 1442.7163561076607 1442.7163561076607 1442.7163561076607 90.16977225672879 90.16977225672879 90.16977225672879
 2227680 256 786.816 786.816 786.816 1449.6046852122986 1449.6046852122986 1449.6046852122986 90.60029282576866 90.60029282576866 90.60029282576866
 2450448 256 1048.992 1048.992 1048.992 1196.0333119795005 1196.0333119795005 1196.0333119795005 74.75208199871878 74.75208199871878 74.75208199871878
 2695488 256 1039.904 1039.904 1039.904 1327.1319814136689 1327.1319814136689 1327.1319814136689 82.9457488383543 82.9457488383543 82.9457488383543
 2965032 256 961.216 961.216 961.216 1579.349890139157 1579.349890139157 1579.349890139157 98.70936813369731 98.70936813369731 98.70936813369731
 3261528 256 1214.688 1214.688 1214.688 1374.75823915277 1374.75823915277 1374.75823915277 85.92238994704813 85.92238994704813 85.92238994704813
 3587680 256 1486.432 1486.432 1486.432 1235.7727497793373 1235.7727497793373 1235.7727497793373 77.23579686120858 77.23579686120858 77.23579686120858
 3946448 256 1565.696 1565.696 1565.696 1290.5323741007196 1290.5323741007196 1290.5323741007196 80.65827338129498 80.65827338129498 80.65827338129498
 4341088 128 722.592 722.592 722.592 1537.9612948939373 1537.9612948939373 1537.9612948939373 96.12258093087108 96.12258093087108 96.12258093087108
 4775192 128 1083.104 1083.104 1083.104 1128.6535291163175 1128.6535291163175 1128.6535291163175 70.54084556976984 70.54084556976984 70.54084556976984
 5252704 128 1260.384 1260.384 1260.384 1066.8909030898521 1066.8909030898521 1066.8909030898521 66.68068144311576 66.68068144311576 66.68068144311576
 5777968 128 1477.856 1477.856 1477.856 1000.8822293917674 1000.8822293917674 1000.8822293917674 62.55513933698546 62.55513933698546 62.55513933698546
 6355760 128 2320.128 2320.128 2320.128 701.2865497076023 701.2865497076023 701.2865497076023 43.83040935672514 43.83040935672514 43.83040935672514
 6991336 128 2788.832 2788.832 2788.832 641.7675987653613 641.7675987653613 641.7675987653613 40.11047492283508 40.11047492283508 40.11047492283508
 7690464 128 3352.224 3352.224 3352.224 587.2992926487013 587.2992926487013 587.2992926487013 36.706205790543834 36.706205790543834 36.706205790543834
 8459504 64 1880.864 1880.864 1880.864 575.7016520067373 575.7016520067373 575.7016520067373 35.98135325042108 35.98135325042108 35.98135325042108
 9305448 64 2067.072 2067.072 2067.072 576.2244101801969 576.2244101801969 576.2244101801969 36.0140256362623 36.0140256362623 36.0140256362623
 10235992 64 2335.712 2335.712 2335.712 560.9454316285569 560.9454316285569 560.9454316285569 35.059089476784806 35.059089476784806 35.059089476784806
 11259584 64 2539.808 2539.808 2539.808 567.4550013229345 567.4550013229345 567.4550013229345 35.46593758268341 35.46593758268341 35.46593758268341
 12385536 64 2797.664 2797.664 2797.664 566.6686950255643 566.6686950255643 566.6686950255643 35.416793439097766 35.416793439097766 35.416793439097766
 13624088 64 3109.344 3109.344 3109.344 560.852470488952 560.852470488952 560.852470488952 35.0532794055595 35.0532794055595 35.0532794055595
 14986496 64 3448.416 3448.416 3448.416 556.276124458302 556.276124458302 556.276124458302 34.767257778643874 34.767257778643874 34.767257778643874
 16485144 64 3791.424 3791.424 3791.424 556.5450954575379 556.5450954575379 556.5450954575379 34.784068466096116 34.784068466096116 34.784068466096116
 18133656 32 2161.312 2161.312 2161.312 536.9673531632639 536.9673531632639 536.9673531632639 33.56045957270399 33.56045957270399 33.56045957270399
 19947016 32 2414.656 2414.656 2414.656 528.6918815765063 528.6918815765063 528.6918815765063 33.04324259853164 33.04324259853164 33.04324259853164
 21941712 32 2723.072 2723.072 2723.072 515.6931465638808 515.6931465638808 515.6931465638808 32.23082166024255 32.23082166024255 32.23082166024255
 24135880 32 2983.744 2983.744 2983.744 517.7040389524034 517.7040389524034 517.7040389524034 32.35650243452521 32.35650243452521 32.35650243452521
 26549464 32 3285.248 3285.248 3285.248 517.2107846957064 517.2107846957064 517.2107846957064 32.32567404348165 32.32567404348165 32.32567404348165
 29204408 32 3635.936 3635.936 3635.936 514.0580340248013 514.0580340248013 514.0580340248013 32.12862712655008 32.12862712655008 32.12862712655008
 32124848 32 3995.488 3995.488 3995.488 514.5780119975332 514.5780119975332 514.5780119975332 32.16112574984582 32.16112574984582 32.16112574984582
 35337328 16 2209.312 2209.312 2209.312 511.83105690821407 511.83105690821407 511.83105690821407 31.98944105676338 31.98944105676338 31.98944105676338
 38871056 16 2465.12 2465.12 2465.12 504.58955020445256 504.58955020445256 504.58955020445256 31.536846887778285 31.536846887778285 31.536846887778285
 42758160 16 2702.624 2702.624 2702.624 506.2713570219166 506.2713570219166 506.2713570219166 31.641959813869786 31.641959813869786 31.641959813869786
 47033976 16 2976.704 2976.704 2976.704 505.62206789791657 505.62206789791657 505.62206789791657 31.601379243619785 31.601379243619785 31.601379243619785
 51737368 16 3219.936 3219.936 3219.936 514.1703984178567 514.1703984178567 514.1703984178567 32.13564990111605 32.13564990111605 32.13564990111605
 56911104 16 3611.84 3611.84 3611.84 504.2181624878178 504.2181624878178 504.2181624878178 31.51363515548861 31.51363515548861 31.51363515548861
 62602208 16 3955.04 3955.04 3955.04 506.51084590800605 506.51084590800605 506.51084590800605 31.656927869250378 31.656927869250378 31.656927869250378
 68862424 8 2178.24 2178.24 2178.24 505.8206552078744 505.8206552078744 505.8206552078744 31.61379095049215 31.61379095049215 31.61379095049215
 75748664 8 2399.008 2399.008 2399.008 505.1999092958423 505.1999092958423 505.1999092958423 31.574994330990144 31.574994330990144 31.574994330990144
 83323528 8 2635.904 2635.904 2635.904 505.77579760112656 505.77579760112656 505.77579760112656 31.61098735007041 31.61098735007041 31.61098735007041
 91655880 8 2898.624 2898.624 2898.624 505.9276677485593 505.9276677485593 505.9276677485593 31.620479234284957 31.620479234284957 31.620479234284957
 100821464 8 3180.704 3180.704 3180.704 507.1655281346519 507.1655281346519 507.1655281346519 31.697845508415742 31.697845508415742 31.697845508415742
 110903608 8 3531.52 3531.52 3531.52 502.46288510329833 502.46288510329833 502.46288510329833 31.403930318956146 31.403930318956146 31.403930318956146
 121993968 8 3880.096 3880.096 3880.096 503.0554625452566 503.0554625452566 503.0554625452566 31.440966409078538 31.440966409078538 31.440966409078538
 134193360 8 4266.656 4266.656 4266.656 503.2263580658952 503.2263580658952 503.2263580658952 31.45164737911845 31.45164737911845 31.45164737911845
 147612696 4 2345.248 2345.248 2345.248 503.5295064743686 503.5295064743686 503.5295064743686 31.470594154648037 31.470594154648037 31.470594154648037
 162373960 4 2583.296 2583.296 2583.296 502.84275592111794 502.84275592111794 502.84275592111794 31.42767224506987 31.42767224506987 31.42767224506987
 178611352 4 2838.176 2838.176 2838.176 503.4539140631166 503.4539140631166 503.4539140631166 31.465869628944787 31.465869628944787 31.465869628944787
 196472480 4 3113.6 3113.6 3113.6 504.8110996916753 504.8110996916753 504.8110996916753 31.550693730729705 31.550693730729705 31.550693730729705
 216119728 4 3423.872 3423.872 3423.872 504.97151295375534 504.97151295375534 504.97151295375534 31.56071955960971 31.56071955960971 31.56071955960971
 237731696 4 3779.648 3779.648 3779.648 503.182721777266 503.182721777266 503.182721777266 31.448920111079126 31.448920111079126 31.448920111079126
 261504864 4 4162.08 4162.08 4162.08 502.6426479068158 502.6426479068158 502.6426479068158 31.415165494175987 31.415165494175987 31.415165494175987
 287655344 2 2284.352 2284.352 2284.352 503.69705544504524 503.69705544504524 503.69705544504524 31.481065965315327 31.481065965315327 31.481065965315327
 316420872 2 2520.864 2520.864 2520.864 502.083209566244 502.083209566244 502.083209566244 31.38020059789025 31.38020059789025 31.38020059789025
 348062952 2 2754.496 2754.496 2754.496 505.4470247914682 505.4470247914682 505.4470247914682 31.590439049466763 31.590439049466763 31.590439049466763
 382869240 2 3052.128 3052.128 3052.128 501.7735036014216 501.7735036014216 501.7735036014216 31.36084397508885 31.36084397508885 31.36084397508885
 421156160 2 3354.88 3354.88 3354.88 502.1415490270889 502.1415490270889 502.1415490270889 31.383846814193056 31.383846814193056 31.383846814193056
 463271776 2 3703.36 3703.36 3703.36 500.37995333966995 500.37995333966995 500.37995333966995 31.273747083729372 31.273747083729372 31.273747083729372
 509598952 2 4043.04 4043.04 4043.04 504.1740393367367 504.1740393367367 504.1740393367367 31.510877458546044 31.510877458546044 31.510877458546044
 560558840 1 2231.008 2231.008 2231.008 502.5162079203661 502.5162079203661 502.5162079203661 31.407262995022883 31.407262995022883 31.407262995022883
 616614720 1 2458.4 2458.4 2458.4 501.6390497884803 501.6390497884803 501.6390497884803 31.35244061178002 31.35244061178002 31.35244061178002
 678276192 1 2704.32 2704.32 2704.32 501.62421015264465 501.62421015264465 501.62421015264465 31.35151313454029 31.35151313454029 31.35151313454029
 746103808 1 2983.36 2983.36 2983.36 500.1768529443312 500.1768529443312 500.1768529443312 31.2610533090207 31.2610533090207 31.2610533090207
 820714184 1 3272.48 3272.48 3272.48 501.5854544565589 501.5854544565589 501.5854544565589 31.349090903534933 31.349090903534933 31.349090903534933
 902785600 1 3609.44 3609.44 3609.44 500.23582605611944 500.23582605611944 500.23582605611944 31.264739128507465 31.264739128507465 31.264739128507465
 993064160 1 3979.296 3979.296 3979.296 499.1155018375109 499.1155018375109 499.1155018375109 31.194718864844432 31.194718864844432 31.194718864844432
 
META_DATA
 FLOPS          1
 GPU_BLOCKS     320
 GPU_THREADS    512
 ERT_VERSION  1.1.0
 HOSTNAME  ('kp361.kingspeak.peaks', ['kp361'], ['10.242.2.107'])
 UNAME  uname_result(system='Linux', node='kp361', release='3.10.0-957.27.2.el7.x86_64', version='#1 SMP Mon Jul 29 17:46:05 UTC 2019', machine='x86_64', processor='x86_64')
 TIMESTAMP_DATA  1617136129.88227
 CONFIG  {'ERT_RESULTS': ['Results/Results.kingspeak-p100-gpu.01'], 'ERT_DRIVER': ['driver1'], 'ERT_KERNEL': ['kernel1'], 'ERT_GPU': ['True'], 'ERT_GPU_CFLAGS': ['-x', 'cu', '-arch=sm_60'], 'ERT_GPU_LDFLAGS': [], 'ERT_FLOPS': ['1,64,256,512,1024'], 'ERT_ALIGN': ['32'], 'ERT_CC': ['nvcc'], 'ERT_CFLAGS': ['-O3', '-std=c++11'], 'ERT_LD': ['nvcc'], 'ERT_LDFLAGS': [], 'ERT_LDLIBS': [], 'ERT_RUN': ['srun', '-n', '1', './ERT_CODE'], 'ERT_PRECISION': ['FP64'], 'ERT_BLOCKS_THREADS': ['163840'], 'ERT_GPU_BLOCKS': ['160,320,640,1280,2560'], 'ERT_GPU_THREADS': ['1024,512,256,128,64'], 'ERT_NUM_EXPERIMENTS': ['1'], 'ERT_MEMORY_MAX': ['1073741824'], 'ERT_WORKING_SET_MIN': ['128'], 'ERT_TRIALS_MIN': ['1'], 'ERT_GNUPLOT': ['gnuplot'], 'ERT_MPI': [False], 'ERT_OPENMP': [False], 'ERT_HIP': [False], 'ERT_OCL': [False], 'ERT_SYCL': [False], 'ERT_WSS_MULT': [1.1]}
 