fp64
 1024 1048576 3991886.23 3991886.23 3991886.23 0.5379621372626143 0.5379621372626143 0.5379621372626143 34.42957678480732 34.42957678480732 34.42957678480732
 1120 524288 2049589.6 2049589.6 2049589.6 0.5729952571968554 0.5729952571968554 0.5729952571968554 36.671696460598746 36.671696460598746 36.671696460598746
 1232 524288 1987471.313 1987471.313 1987471.313 0.6499946054818855 0.6499946054818855 0.6499946054818855 41.59965475084067 41.59965475084067 41.59965475084067
 1352 524288 2107694.58 2107694.58 2107694.58 0.6726186827315369 0.6726186827315369 0.6726186827315369 43.04759569481836 43.04759569481836 43.04759569481836
 1480 524288 2088784.912 2088784.912 2088784.912 0.7429642329779526 0.7429642329779526 0.7429642329779526 47.54971091058896 47.54971091058896 47.54971091058896
 1624 524288 2112447.51 2112447.51 2112447.51 0.8061205856897244 0.8061205856897244 0.8061205856897244 51.591717484142364 51.591717484142364 51.591717484142364
 1784 524288 2074667.725 2074667.725 2074667.725 0.9016670773147539 0.9016670773147539 0.9016670773147539 57.70669294814425 57.70669294814425 57.70669294814425
 1960 524288 2130084.961 2130084.961 2130084.961 0.9648483500090773 0.9648483500090773 0.9648483500090773 61.75029440058095 61.75029440058095 61.75029440058095
 2152 262144 1157443.604 1157443.604 1157443.604 0.9747928729320621 0.9747928729320621 0.9747928729320621 62.38674386765197 62.38674386765197 62.38674386765197
 2360 262144 1159091.797 1159091.797 1159091.797 1.0674906708877345 1.0674906708877345 1.0674906708877345 68.31940293681501 68.31940293681501 68.31940293681501
 2592 262144 1355037.354 1355037.354 1355037.354 1.0028908000125876 1.0028908000125876 1.0028908000125876 64.1850112008056 64.1850112008056 64.1850112008056
 2848 262144 1334904.785 1334904.785 1334904.785 1.1185608447721611 1.1185608447721611 1.1185608447721611 71.58789406541831 71.58789406541831 71.58789406541831
 3128 262144 1782224.243 1782224.243 1782224.243 0.9201832319593243 0.9201832319593243 0.9201832319593243 58.891726845396754 58.891726845396754 58.891726845396754
 3440 262144 1790982.056 1790982.056 1790982.056 1.0070177498193762 1.0070177498193762 1.0070177498193762 64.44913598844008 64.44913598844008 64.44913598844008
 3784 262144 2223618.896 2223618.896 2223618.896 0.8921968578198303 0.8921968578198303 0.8921968578198303 57.10059890046914 57.10059890046914 57.10059890046914
 4160 131072 1106334.351 1106334.351 1106334.351 0.9857047636768171 0.9857047636768171 0.9857047636768171 63.0851048753163 63.0851048753163 63.0851048753163
 4576 131072 1116785.889 1116785.889 1116785.889 1.0741279557840115 1.0741279557840115 1.0741279557840115 68.74418917017674 68.74418917017674 68.74418917017674
 5032 131072 1116844.604 1116844.604 1116844.604 1.1811030856715319 1.1811030856715319 1.1811030856715319 75.59059748297804 75.59059748297804 75.59059748297804
 5528 131072 1116858.154 1116858.154 1116858.154 1.2975076797442624 1.2975076797442624 1.2975076797442624 83.0404915036328 83.0404915036328 83.0404915036328
 6080 131072 1116934.448 1116934.448 1116934.448 1.4269731969086874 1.4269731969086874 1.4269731969086874 91.326284602156 91.326284602156 91.326284602156
 6688 131072 1116929.199 1116929.199 1116929.199 1.569677893253823 1.569677893253823 1.569677893253823 100.45938516824467 100.45938516824467 100.45938516824467
 7352 131072 1106395.874 1106395.874 1106395.874 1.7419467419308179 1.7419467419308179 1.7419467419308179 111.48459148357234 111.48459148357234 111.48459148357234
 8080 131072 1108729.37 1108729.37 1108729.37 1.9104062517979479 1.9104062517979479 1.9104062517979479 122.26600011506866 122.26600011506866 122.26600011506866
 8888 65536 558776.794 558776.794 558776.794 2.0848538244771846 2.0848538244771846 2.0848538244771846 133.4306447665398 133.4306447665398 133.4306447665398
 9776 65536 558935.486 558935.486 558935.486 2.2925004836783613 2.2925004836783613 2.2925004836783613 146.72003095541513 146.72003095541513 146.72003095541513
 10752 65536 555062.927 555062.927 555062.927 2.5389664404663073 2.5389664404663073 2.5389664404663073 162.49385218984366 162.49385218984366 162.49385218984366
 11824 65536 558350.647 558350.647 558350.647 2.7756667540854485 2.7756667540854485 2.7756667540854485 177.6426722614687 177.6426722614687 177.6426722614687
 13000 65536 558379.15 558379.15 558379.15 3.0515752602868496 3.0515752602868496 3.0515752602868496 195.30081665835837 195.30081665835837 195.30081665835837
 14296 65536 560216.248 560216.248 560216.248 3.344789300006165 3.344789300006165 3.344789300006165 214.06651520039455 214.06651520039455 214.06651520039455
 15720 65536 559358.643 559358.643 559358.643 3.6835970370444415 3.6835970370444415 3.6835970370444415 235.75021037084426 235.75021037084426 235.75021037084426
 17288 32768 278140.442 278140.442 278140.442 4.073432686930152 4.073432686930152 4.073432686930152 260.69969196352974 260.69969196352974 260.69969196352974
 19016 32768 279291.534 279291.534 279291.534 4.462120846097683 4.462120846097683 4.462120846097683 285.5757341502517 285.5757341502517 285.5757341502517
 20912 32768 280799.316 280799.316 280799.316 4.880670122430071 4.880670122430071 4.880670122430071 312.36288783552453 312.36288783552453 312.36288783552453
 23000 32768 278032.013 278032.013 278032.013 5.421418863733509 5.421418863733509 5.421418863733509 346.97080727894456 346.97080727894456 346.97080727894456
 25296 32768 279326.569 279326.569 279326.569 5.934983778789764 5.934983778789764 5.934983778789764 379.8389618425449 379.8389618425449 379.8389618425449
 27824 32768 278146.545 278146.545 278146.545 6.555801956842571 6.555801956842571 6.555801956842571 419.57132523792455 419.57132523792455 419.57132523792455
 30600 32768 277396.149 277396.149 277396.149 7.229377939201312 7.229377939201312 7.229377939201312 462.68018810888395 462.68018810888395 462.68018810888395
 33656 16384 140033.31 140033.31 140033.31 7.875553380834888 7.875553380834888 7.875553380834888 504.03541637343284 504.03541637343284 504.03541637343284
 37016 16384 140397.98 140397.98 140397.98 8.639300138078909 8.639300138078909 8.639300138078909 552.9152088370502 552.9152088370502 552.9152088370502
 40712 16384 140203.522 140203.522 140203.522 9.515102024327177 9.515102024327177 9.515102024327177 608.9665295569393 608.9665295569393 608.9665295569393
 44776 16384 140408.89 140408.89 140408.89 10.449623011762288 10.449623011762288 10.449623011762288 668.7758727527864 668.7758727527864 668.7758727527864
 49248 16384 140060.867 140060.867 140060.867 11.521836888243737 11.521836888243737 11.521836888243737 737.3975608475992 737.3975608475992 737.3975608475992
 54168 16384 140221.817 140221.817 140221.817 12.65835133201847 12.65835133201847 12.65835133201847 810.134485249182 810.134485249182 810.134485249182
 59584 16384 140264.542 140264.542 140264.542 13.919758223714158 13.919758223714158 13.919758223714158 890.8645263177061 890.8645263177061 890.8645263177061
 65536 16384 139988.159 139988.159 139988.159 15.340466389017946 15.340466389017946 15.340466389017946 981.7898488971485 981.7898488971485 981.7898488971485
 72088 8192 69993.378 69993.378 69993.378 16.874307623786926 16.874307623786926 16.874307623786926 1079.9556879223633 1079.9556879223633 1079.9556879223633
 79296 8192 69478.653 69478.653 69478.653 18.699062343652514 18.699062343652514 18.699062343652514 1196.739989993761 1196.739989993761 1196.739989993761
 87224 8192 69486.115 69486.115 69486.115 20.566382449213055 20.566382449213055 20.566382449213055 1316.2484767496355 1316.2484767496355 1316.2484767496355
 95944 8192 69511.009 69511.009 69511.009 22.61435301564965 22.61435301564965 22.61435301564965 1447.3185930015777 1447.3185930015777 1447.3185930015777
 105536 8192 69546.913 69546.913 69546.913 24.862380649447374 24.862380649447374 24.862380649447374 1591.192361564632 1591.192361564632 1591.192361564632
 116088 8192 69509.026 69509.026 69509.026 27.363148377305706 27.363148377305706 27.363148377305706 1751.2414961475652 1751.2414961475652 1751.2414961475652
 127696 8192 70057.663 70057.663 70057.663 29.863560592936135 29.863560592936135 29.863560592936135 1911.2678779479127 1911.2678779479127 1911.2678779479127
 140464 4096 34774.433 34774.433 34774.433 33.089859092742074 33.089859092742074 33.089859092742074 2117.7509819354927 2117.7509819354927 2117.7509819354927
 154504 4096 34739.872 34739.872 34739.872 36.43354725083615 36.43354725083615 36.43354725083615 2331.7470240535135 2331.7470240535135 2331.7470240535135
 169952 4096 34765.759 34765.759 34765.759 40.04649471337588 40.04649471337588 40.04649471337588 2562.975661656056 2562.975661656056 2562.975661656056
 186944 4096 34744.545 34744.545 34744.545 44.07728603151948 44.07728603151948 44.07728603151948 2820.9463060172466 2820.9463060172466 2820.9463060172466
 205632 4096 34738.209 34738.209 34738.209 48.49234869880597 48.49234869880597 48.49234869880597 3103.510316723582 3103.510316723582 3103.510316723582
 226192 4096 34770.206 34770.206 34770.206 53.29174247630285 53.29174247630285 53.29174247630285 3410.6715184833824 3410.6715184833824 3410.6715184833824
 248808 4096 67836.479 67836.479 67836.479 30.046299071624865 30.046299071624865 30.046299071624865 1922.9631405839914 1922.9631405839914 1922.9631405839914
 273688 2048 33820.225 33820.225 33820.225 33.14661709080883 33.14661709080883 33.14661709080883 2121.383493811765 2121.383493811765 2121.383493811765
 301056 2048 33943.329 33943.329 33943.329 36.328946285734084 36.328946285734084 36.328946285734084 2325.0525622869814 2325.0525622869814 2325.0525622869814
 331160 2048 33912.514 33912.514 33912.514 39.997959455320824 39.997959455320824 39.997959455320824 2559.8694051405328 2559.8694051405328 2559.8694051405328
 364272 2048 34024.673 34024.673 34024.673 43.85223957920183 43.85223957920183 43.85223957920183 2806.543333068917 2806.543333068917 2806.543333068917
 400696 2048 34090.496 34090.496 34090.496 48.14394064551011 48.14394064551011 48.14394064551011 3081.2122013126473 3081.2122013126473 3081.2122013126473
 440760 2048 34102.432 34102.432 34102.432 52.9391264529169 52.9391264529169 52.9391264529169 3388.1040929866817 3388.1040929866817 3388.1040929866817
 484832 2048 50174.946 50174.946 50174.946 39.57895384680633 39.57895384680633 39.57895384680633 2533.053046195605 2533.053046195605 2533.053046195605
 533312 1024 25171.104 25171.104 25171.104 43.391937675836544 43.391937675836544 43.391937675836544 2777.084011253539 2777.084011253539 2777.084011253539
 586640 1024 25165.792 25165.792 25165.792 47.740946122418876 47.740946122418876 47.740946122418876 3055.420551834808 3055.420551834808 3055.420551834808
 645304 1024 25225.248 25225.248 25225.248 52.3912625953172 52.3912625953172 52.3912625953172 3353.040806100301 3353.040806100301 3353.040806100301
 709832 1024 33271.198 33271.198 33271.198 43.69352543301868 43.69352543301868 43.69352543301868 2796.3856277131954 2796.3856277131954 2796.3856277131954
 780808 1024 33287.422 33287.422 33287.422 48.03900956944038 48.03900956944038 48.03900956944038 3074.4966124441844 3074.4966124441844 3074.4966124441844
 858888 1024 33274.529 33274.529 33274.529 52.86333651785123 52.86333651785123 52.86333651785123 3383.2535371424788 3383.2535371424788 3383.2535371424788
 944776 1024 57984.768 57984.768 57984.768 33.36912976870064 33.36912976870064 33.36912976870064 2135.624305196841 2135.624305196841 2135.624305196841
 1039248 1024 57995.647 57995.647 57995.647 36.69895956156848 36.69895956156848 36.69895956156848 2348.7334119403827 2348.7334119403827 2348.7334119403827
 1143168 512 29012.192 29012.192 29012.192 40.34869312873705 40.34869312873705 40.34869312873705 2582.316360239171 2582.316360239171 2582.316360239171
 1257480 512 29015.615 29015.615 29015.615 44.37815707163195 44.37815707163195 44.37815707163195 2840.2020525844446 2840.2020525844446 2840.2020525844446
 1383224 512 29013.344 29013.344 29013.344 48.819652639833585 48.819652639833585 48.819652639833585 3124.4577689493494 3124.4577689493494 3124.4577689493494
 1521544 512 31078.592 31078.592 31078.592 50.13293575204437 50.13293575204437 50.13293575204437 3208.5078881308395 3208.5078881308395 3208.5078881308395
 1673696 512 33155.201 33155.201 33155.201 51.69218259301157 51.69218259301157 51.69218259301157 3308.2996859527407 3308.2996859527407 3308.2996859527407
 1841064 512 39310.177 39310.177 39310.177 47.95830697989479 47.95830697989479 47.95830697989479 3069.3316467132668 3069.3316467132668 3069.3316467132668
 2025168 512 41410.11 41410.11 41410.11 50.078882475801194 50.078882475801194 50.078882475801194 3205.0484784512764 3205.0484784512764 3205.0484784512764
 2227680 256 22733.503 22733.503 22733.503 50.171421447895646 50.171421447895646 50.171421447895646 3210.9709726653214 3210.9709726653214 3210.9709726653214
 2450448 256 28942.944 28942.944 28942.944 43.34836760213474 43.34836760213474 43.34836760213474 2774.2955265366236 2774.2955265366236 2774.2955265366236
 2695488 256 28958.176 28958.176 28958.176 47.65803813057839 47.65803813057839 47.65803813057839 3050.114440357017 3050.114440357017 3050.114440357017
 2965032 256 31005.6 31005.6 31005.6 48.9620063472405 48.9620063472405 48.9620063472405 3133.568406223392 3133.568406223392 3133.568406223392
 3261528 256 33084.415 33084.415 33084.415 50.47398710238643 50.47398710238643 50.47398710238643 3230.3351745527316 3230.3351745527316 3230.3351745527316
 3587680 256 43377.216 43377.216 43377.216 42.34693531276881 42.34693531276881 42.34693531276881 2710.2038600172036 2710.2038600172036 2710.2038600172036
 3946448 256 43390.209 43390.209 43390.209 46.567680187942855 46.567680187942855 46.567680187942855 2980.3315320283427 2980.3315320283427 2980.3315320283427
 4341088 128 23783.873 23783.873 23783.873 46.72571738000787 46.72571738000787 46.72571738000787 2990.445912320504 2990.445912320504 2990.445912320504
 4775192 128 25813.984 25813.984 25813.984 47.35608234668465 47.35608234668465 47.35608234668465 3030.7892701878177 3030.7892701878177 3030.7892701878177
 5252704 128 28911.455 28911.455 28911.455 46.51070739954112 46.51070739954112 46.51070739954112 2976.6852735706316 2976.6852735706316 2976.6852735706316
 5777968 128 30991.009 30991.009 30991.009 47.72867537162149 47.72867537162149 47.72867537162149 3054.6352237837755 3054.6352237837755 3054.6352237837755
 6355760 128 36119.007 36119.007 36119.007 45.04759945366162 45.04759945366162 45.04759945366162 2883.0463650343436 2883.0463650343436 2883.0463650343436
 6991336 128 38163.616 38163.616 38163.616 46.89760047894832 46.89760047894832 46.89760047894832 3001.4464306526925 3001.4464306526925 3001.4464306526925
 7690464 128 43298.367 43298.367 43298.367 45.46958512315257 45.46958512315257 45.46958512315257 2910.0534478817644 2910.0534478817644 2910.0534478817644
 8459504 64 22680.416 22680.416 22680.416 47.74235675395018 47.74235675395018 47.74235675395018 3055.5108322528117 3055.5108322528117 3055.5108322528117
 9305448 64 25257.696 25257.696 25257.696 47.15779871608241 47.15779871608241 47.15779871608241 3018.0991178292743 3018.0991178292743 3018.0991178292743
 10235992 64 28848.288 28848.288 28848.288 45.417148359029134 45.417148359029134 45.417148359029134 2906.6974949778646 2906.6974949778646 2906.6974949778646
 11259584 64 30401.344 30401.344 30401.344 47.406678862618705 47.406678862618705 47.406678862618705 3034.027447207597 3034.027447207597 3034.027447207597
 12385536 64 34085.823 34085.823 34085.823 46.51049816224183 46.51049816224183 46.51049816224183 2976.671882383477 2976.671882383477 2976.671882383477
 13624088 64 37710.369 37710.369 37710.369 46.24413152785643 46.24413152785643 46.24413152785643 2959.6244177828116 2959.6244177828116 2959.6244177828116
 14986496 64 41348.801 41348.801 41348.801 46.39243319292378 46.39243319292378 46.39243319292378 2969.115724347122 2969.115724347122 2969.115724347122
 16485144 64 44903.584 44903.584 44903.584 46.991759766881856 46.991759766881856 46.991759766881856 3007.472625080439 3007.472625080439 3007.472625080439
 18133656 32 25295.2 25295.2 25295.2 45.88040355482463 45.88040355482463 45.88040355482463 2936.3458275087764 2936.3458275087764 2936.3458275087764
 19947016 32 27660.929 27660.929 27660.929 46.152066114626884 46.152066114626884 46.152066114626884 2953.7322313361205 2953.7322313361205 2953.7322313361205
 21941712 32 30704.512 30704.512 30704.512 45.73495804134584 45.73495804134584 45.73495804134584 2927.037314646134 2927.037314646134 2927.037314646134
 24135880 32 33355.999 33355.999 33355.999 46.30940059687613 46.30940059687613 46.30940059687613 2963.8016382000724 2963.8016382000724 2963.8016382000724
 26549464 32 36708.832 36708.832 36708.832 46.28765349984439 46.28765349984439 46.28765349984439 2962.409823990041 2962.409823990041 2962.409823990041
 29204408 32 40314.144 40314.144 40314.144 46.362936839239346 46.362936839239346 46.362936839239346 2967.227957711318 2967.227957711318 2967.227957711318
 32124848 32 44196.194 44196.194 44196.194 46.51962275303615 46.51962275303615 46.51962275303615 2977.2558561943138 2977.2558561943138 2977.2558561943138
 35337328 16 24403.135 24403.135 24403.135 46.33808303728189 46.33808303728189 46.33808303728189 2965.637314386041 2965.637314386041 2965.637314386041
 38871056 16 26751.04 26751.04 26751.04 46.49814706269364 46.49814706269364 46.49814706269364 2975.881412012393 2975.881412012393 2975.881412012393
 42758160 16 29452.065 29452.065 29452.065 46.45722192993938 46.45722192993938 46.45722192993938 2973.2622035161203 2973.2622035161203 2973.2622035161203
 47033976 16 32532.288 32532.288 32532.288 46.264413741818586 46.264413741818586 46.264413741818586 2960.9224794763895 2960.9224794763895 2960.9224794763895
 51737368 16 35659.328 35659.328 35659.328 46.42812607124845 46.42812607124845 46.42812607124845 2971.400068559901 2971.400068559901 2971.400068559901
 56911104 16 39267.166 39267.166 39267.166 46.37857817393799 46.37857817393799 46.37857817393799 2968.2290031320313 2968.2290031320313 2968.2290031320313
 62602208 16 43362.465 43362.465 43362.465 46.1982651585882 46.1982651585882 46.1982651585882 2956.688970149645 2956.688970149645 2956.688970149645
 68862424 8 23760.544 23760.544 23760.544 46.370941002024196 46.370941002024196 46.370941002024196 2967.7402241295486 2967.7402241295486 2967.7402241295486
 75748664 8 26216.768 26216.768 26216.768 46.22913945761735 46.22913945761735 46.22913945761735 2958.6649252875104 2958.6649252875104 2958.6649252875104
 83323528 8 28750.689 28750.689 28750.689 46.370243440078944 46.370243440078944 46.370243440078944 2967.6955801650524 2967.6955801650524 2967.6955801650524
 91655880 8 31645.727 31645.727 31645.727 46.340982465026 46.340982465026 46.340982465026 2965.822877761664 2965.822877761664 2965.822877761664
 100821464 8 34802.879 34802.879 34802.879 46.350861490510596 46.350861490510596 46.350861490510596 2966.455135392678 2966.455135392678 2966.455135392678
 110903608 8 38239.937 38239.937 38239.937 46.40325971248332 46.40325971248332 46.40325971248332 2969.8086215989324 2969.8086215989324 2969.8086215989324
 121993968 8 42115.265 42115.265 42115.265 46.346698471444974 46.346698471444974 46.346698471444974 2966.1887021724783 2966.1887021724783 2966.1887021724783
 134193360 8 46323.711 46323.711 46323.711 46.34977884220027 46.34977884220027 46.34977884220027 2966.3858459008175 2966.3858459008175 2966.3858459008175
 147612696 4 25468.0 25468.0 25468.0 46.36805277210617 46.36805277210617 46.36805277210617 2967.5553774147947 2967.5553774147947 2967.5553774147947
 162373960 4 28040.224 28040.224 28040.224 46.32600937852708 46.32600937852708 46.32600937852708 2964.8646002257333 2964.8646002257333 2964.8646002257333
 178611352 4 30832.352 30832.352 30832.352 46.343879831159164 46.343879831159164 46.343879831159164 2966.0083091941865 2966.0083091941865 2966.0083091941865
 196472480 4 33931.423 33931.423 33931.423 46.32224943822721 46.32224943822721 46.32224943822721 2964.6239640465415 2964.6239640465415 2964.6239640465415
 216119728 4 37337.376 37337.376 37337.376 46.30635596888223 46.30635596888223 46.30635596888223 2963.6067820084627 2963.6067820084627 2963.6067820084627
 237731696 4 41044.67 41044.67 41044.67 46.336188547745664 46.336188547745664 46.336188547745664 2965.5160670557225 2965.5160670557225 2965.5160670557225
 261504864 4 45097.218 45097.218 45097.218 46.3895336514993 46.3895336514993 46.3895336514993 2968.930153695955 2968.930153695955 2968.930153695955
 287655344 2 24829.536 24829.536 24829.536 46.340832788820535 46.340832788820535 46.340832788820535 2965.8132984845142 2965.8132984845142 2965.8132984845142
 316420872 2 27320.641 27320.641 27320.641 46.3270055779438 46.3270055779438 46.3270055779438 2964.9283569884033 2964.9283569884033 2964.9283569884033
 348062952 2 30036.064 30036.064 30036.064 46.352671508490594 46.352671508490594 46.352671508490594 2966.570976543398 2966.570976543398 2966.570976543398
 382869240 2 33032.928 33032.928 33032.928 46.36213174926546 46.36213174926546 46.36213174926546 2967.1764319529893 2967.1764319529893 2967.1764319529893
 421156160 2 36332.096 36332.096 36332.096 46.36739482357418 46.36739482357418 46.36739482357418 2967.5132687087475 2967.5132687087475 2967.5132687087475
 463271776 2 39972.0 39972.0 39972.0 46.359629340538376 46.359629340538376 46.359629340538376 2967.016277794456 2967.016277794456 2967.016277794456
 509598952 2 43975.456 43975.456 43975.456 46.35303401970409 46.35303401970409 46.35303401970409 2966.5941772610618 2966.5941772610618 2966.5941772610618
 560558840 1 24198.208 24198.208 24198.208 46.33060762185365 46.33060762185365 46.33060762185365 2965.1588877986337 2965.1588877986337 2965.1588877986337
 616614720 1 26617.376 26617.376 26617.376 46.33174359486073 46.33174359486073 46.33174359486073 2965.231590071087 2965.231590071087 2965.231590071087
 678276192 1 29285.856 29285.856 29285.856 46.32107676825291 46.32107676825291 46.32107676825291 2964.548913168186 2964.548913168186 2964.548913168186
 746103808 1 32210.911 32210.911 32210.911 46.326153768206055 46.326153768206055 46.326153768206055 2964.8738411651875 2964.8738411651875 2964.8738411651875
 820714184 1 35409.634 35409.634 35409.634 46.355417511516784 46.355417511516784 46.355417511516784 2966.746720737074 2966.746720737074 2966.746720737074
 902785600 1 38965.343 38965.343 38965.343 46.337875172817036 46.337875172817036 46.337875172817036 2965.6240110602903 2965.6240110602903 2965.6240110602903
 993064160 1 42856.224 42856.224 42856.224 46.34398774843065 46.34398774843065 46.34398774843065 2966.0152158995616 2966.0152158995616 2966.0152158995616
 
META_DATA
 FLOPS          1024
 GPU_BLOCKS     320
 GPU_THREADS    512
 ERT_VERSION  1.1.0
 HOSTNAME  ('kp361.kingspeak.peaks', ['kp361'], ['10.242.2.107'])
 UNAME  uname_result(system='Linux', node='kp361', release='3.10.0-957.27.2.el7.x86_64', version='#1 SMP Mon Jul 29 17:46:05 UTC 2019', machine='x86_64', processor='x86_64')
 TIMESTAMP_DATA  1617137250.9898775
 CONFIG  {'ERT_RESULTS': ['Results/Results.kingspeak-p100-gpu.01'], 'ERT_DRIVER': ['driver1'], 'ERT_KERNEL': ['kernel1'], 'ERT_GPU': ['True'], 'ERT_GPU_CFLAGS': ['-x', 'cu', '-arch=sm_60'], 'ERT_GPU_LDFLAGS': [], 'ERT_FLOPS': ['1,64,256,512,1024'], 'ERT_ALIGN': ['32'], 'ERT_CC': ['nvcc'], 'ERT_CFLAGS': ['-O3', '-std=c++11'], 'ERT_LD': ['nvcc'], 'ERT_LDFLAGS': [], 'ERT_LDLIBS': [], 'ERT_RUN': ['srun', '-n', '1', './ERT_CODE'], 'ERT_PRECISION': ['FP64'], 'ERT_BLOCKS_THREADS': ['163840'], 'ERT_GPU_BLOCKS': ['160,320,640,1280,2560'], 'ERT_GPU_THREADS': ['1024,512,256,128,64'], 'ERT_NUM_EXPERIMENTS': ['1'], 'ERT_MEMORY_MAX': ['1073741824'], 'ERT_WORKING_SET_MIN': ['128'], 'ERT_TRIALS_MIN': ['1'], 'ERT_GNUPLOT': ['gnuplot'], 'ERT_MPI': [False], 'ERT_OPENMP': [False], 'ERT_HIP': [False], 'ERT_OCL': [False], 'ERT_SYCL': [False], 'ERT_WSS_MULT': [1.1]}
 