fp64
 1024 1048576 914078.735 914078.735 914078.735 2.3493420925058497 2.3493420925058497 2.3493420925058497 9.397368370023399 9.397368370023399 9.397368370023399
 1120 524288 457267.426 457267.426 457267.426 2.5683113496039844 2.5683113496039844 2.5683113496039844 10.273245398415938 10.273245398415938 10.273245398415938
 1232 524288 460912.598 460912.598 460912.598 2.8027995711238947 2.8027995711238947 2.8027995711238947 11.211198284495579 11.211198284495579 11.211198284495579
 1352 524288 500333.282 500333.282 500333.282 2.8334608210212964 2.8334608210212964 2.8334608210212964 11.333843284085185 11.333843284085185 11.333843284085185
 1480 524288 500309.692 500309.692 500309.692 3.101863715244597 3.101863715244597 3.101863715244597 12.407454860978389 12.407454860978389 12.407454860978389
 1624 524288 460433.533 460433.533 460433.533 3.698443536257382 3.698443536257382 3.698443536257382 14.793774145029529 14.793774145029529 14.793774145029529
 1784 524288 462142.12 462142.12 462142.12 4.047801537760722 4.047801537760722 4.047801537760722 16.191206151042888 16.191206151042888 16.191206151042888
 1960 524288 503908.234 503908.234 503908.234 4.0785381570089605 4.0785381570089605 4.0785381570089605 16.314152628035842 16.314152628035842 16.314152628035842
 2152 262144 231241.379 231241.379 231241.379 4.879177683852162 4.879177683852162 4.879177683852162 19.516710735408648 19.516710735408648 19.516710735408648
 2360 262144 251751.74 251751.74 251751.74 4.914840628311049 4.914840628311049 4.914840628311049 19.659362513244197 19.659362513244197 19.659362513244197
 2592 262144 232890.015 232890.015 232890.015 5.835177158625714 5.835177158625714 5.835177158625714 23.340708634502857 23.340708634502857 23.340708634502857
 2848 262144 253972.961 253972.961 253972.961 5.879256666224402 5.879256666224402 5.879256666224402 23.517026664897607 23.517026664897607 23.517026664897607
 3128 262144 257899.139 257899.139 257899.139 6.358969907224079 6.358969907224079 6.358969907224079 25.435879628896316 25.435879628896316 25.435879628896316
 3440 262144 258670.441 258670.441 258670.441 6.972388159341331 6.972388159341331 6.972388159341331 27.889552637365323 27.889552637365323 27.889552637365323
 3784 262144 266480.011 266480.011 266480.011 7.444857813368973 7.444857813368973 7.444857813368973 29.77943125347589 29.77943125347589 29.77943125347589
 4160 131072 133294.937 133294.937 133294.937 8.18124877466276 8.18124877466276 8.18124877466276 32.72499509865104 32.72499509865104 32.72499509865104
 4576 131072 133321.625 133321.625 133321.625 8.997572179306996 8.997572179306996 8.997572179306996 35.99028871722798 35.99028871722798 35.99028871722798
 5032 131072 133278.564 133278.564 133278.564 9.89738010682648 9.89738010682648 9.89738010682648 39.58952042730592 39.58952042730592 39.58952042730592
 5528 131072 125858.147 125858.147 125858.147 11.514010547128109 11.514010547128109 11.514010547128109 46.056042188512436 46.056042188512436 46.056042188512436
 6080 131072 126605.667 126605.667 126605.667 12.588974551984313 12.588974551984313 12.588974551984313 50.35589820793725 50.35589820793725 50.35589820793725
 6688 131072 122535.423 122535.423 122535.423 14.307855060001712 14.307855060001712 14.307855060001712 57.23142024000685 57.23142024000685 57.23142024000685
 7352 131072 133273.727 133273.727 133273.727 14.461084951875023 14.461084951875023 14.461084951875023 57.84433980750009 57.84433980750009 57.84433980750009
 8080 131072 133649.475 133649.475 133649.475 15.84834897406069 15.84834897406069 15.84834897406069 63.39339589624276 63.39339589624276 63.39339589624276
 8888 65536 66575.165 66575.165 66575.165 17.498536218423194 17.498536218423194 17.498536218423194 69.99414487369278 69.99414487369278 69.99414487369278
 9776 65536 66860.512 66860.512 66860.512 19.164673342615146 19.164673342615146 19.164673342615146 76.65869337046058 76.65869337046058 76.65869337046058
 10752 65536 66931.198 66931.198 66931.198 21.055743601063288 21.055743601063288 21.055743601063288 84.22297440425315 84.22297440425315 84.22297440425315
 11824 65536 66841.469 66841.469 66841.469 23.186135062351788 23.186135062351788 23.186135062351788 92.74454024940715 92.74454024940715 92.74454024940715
 13000 65536 66829.315 66829.315 66829.315 25.49683473487645 25.49683473487645 25.49683473487645 101.9873389395058 101.9873389395058 101.9873389395058
 14296 65536 66874.977 66874.977 66874.977 28.019528320734974 28.019528320734974 28.019528320734974 112.0781132829399 112.0781132829399 112.0781132829399
 15720 65536 66879.776 66879.776 66879.776 30.808294573235408 30.808294573235408 30.808294573235408 123.23317829294163 123.23317829294163 123.23317829294163
 17288 32768 33406.849 33406.849 33406.849 33.91479298152304 33.91479298152304 33.91479298152304 135.65917192609217 135.65917192609217 135.65917192609217
 19016 32768 33364.544 33364.544 33364.544 37.35200385175352 37.35200385175352 37.35200385175352 149.4080154070141 149.4080154070141 149.4080154070141
 20912 32768 33382.08 33382.08 33382.08 41.05462667395201 41.05462667395201 41.05462667395201 164.21850669580803 164.21850669580803 164.21850669580803
 23000 32768 33427.296 33427.296 33427.296 45.09272900805377 45.09272900805377 45.09272900805377 180.3709160322151 180.3709160322151 180.3709160322151
 25296 32768 33332.737 33332.737 33332.737 49.734849436456415 49.734849436456415 49.734849436456415 198.93939774582566 198.93939774582566 198.93939774582566
 27824 32768 33423.138 33423.138 33423.138 54.55722511752188 54.55722511752188 54.55722511752188 218.22890047008752 218.22890047008752 218.22890047008752
 30600 32768 33409.855 33409.855 33409.855 60.02425332285937 60.02425332285937 60.02425332285937 240.0970132914375 240.0970132914375 240.0970132914375
 33656 16384 16738.815 16738.815 16738.815 65.88517813238273 65.88517813238273 65.88517813238273 263.54071252953094 263.54071252953094 263.54071252953094
 37016 16384 16703.936 16703.936 16703.936 72.61404066682246 72.61404066682246 72.61404066682246 290.45616266728985 290.45616266728985 290.45616266728985
 40712 16384 16759.169 16759.169 16759.169 79.60125087347707 79.60125087347707 79.60125087347707 318.4050034939083 318.4050034939083 318.4050034939083
 44776 16384 16711.519 16711.519 16711.519 87.79692426523286 87.79692426523286 87.79692426523286 351.18769706093144 351.18769706093144 351.18769706093144
 49248 16384 16744.768 16744.768 16744.768 96.37389207183999 96.37389207183999 96.37389207183999 385.49556828735996 385.49556828735996 385.49556828735996
 54168 16384 16729.856 16729.856 16729.856 106.09637189943535 106.09637189943535 106.09637189943535 424.3854875977414 424.3854875977414 424.3854875977414
 59584 16384 16735.84 16735.84 16735.84 116.66271379267486 116.66271379267486 116.66271379267486 466.65085517069946 466.65085517069946 466.65085517069946
 65536 16384 16737.247 16737.247 16737.247 128.30566747327086 128.30566747327086 128.30566747327086 513.2226698930834 513.2226698930834 513.2226698930834
 72088 8192 8386.112 8386.112 8386.112 140.83878107041738 140.83878107041738 140.83878107041738 563.3551242816695 563.3551242816695 563.3551242816695
 79296 8192 8368.992 8368.992 8368.992 155.2380100255801 155.2380100255801 155.2380100255801 620.9520401023204 620.9520401023204 620.9520401023204
 87224 8192 8378.464 8378.464 8378.464 170.56563303249857 170.56563303249857 170.56563303249857 682.2625321299943 682.2625321299943 682.2625321299943
 95944 8192 8376.64 8376.64 8376.64 187.65835657256372 187.65835657256372 187.65835657256372 750.6334262902549 750.6334262902549 750.6334262902549
 105536 8192 8372.832 8372.832 8372.832 206.51337850801258 206.51337850801258 206.51337850801258 826.0535140320503 826.0535140320503 826.0535140320503
 116088 8192 8370.24 8370.24 8370.24 227.2319302672325 227.2319302672325 227.2319302672325 908.92772106893 908.92772106893 908.92772106893
 127696 8192 8397.696 8397.696 8397.696 249.13634215861114 249.13634215861114 249.13634215861114 996.5453686344446 996.5453686344446 996.5453686344446
 140464 4096 3885.056 3885.056 3885.056 296.1813389562467 296.1813389562467 296.1813389562467 1184.7253558249868 1184.7253558249868 1184.7253558249868
 154504 4096 4212.288 4212.288 4212.288 300.47726271328077 300.47726271328077 300.47726271328077 1201.909050853123 1201.909050853123 1201.909050853123
 169952 4096 4711.936 4711.936 4711.936 295.4723459741389 295.4723459741389 295.4723459741389 1181.8893838965555 1181.8893838965555 1181.8893838965555
 186944 4096 4657.984 4657.984 4657.984 328.77855484261 328.77855484261 328.77855484261 1315.11421937044 1315.11421937044 1315.11421937044
 205632 4096 4296.448 4296.448 4296.448 392.07674432461414 392.07674432461414 392.07674432461414 1568.3069772984566 1568.3069772984566 1568.3069772984566
 226192 4096 4308.256 4308.256 4308.256 430.09627654438367 430.09627654438367 430.09627654438367 1720.3851061775347 1720.3851061775347 1720.3851061775347
 248808 4096 7209.696 7209.696 7209.696 282.7075005659046 282.7075005659046 282.7075005659046 1130.8300022636183 1130.8300022636183 1130.8300022636183
 273688 2048 3433.856 3433.856 3433.856 326.4627427591605 326.4627427591605 326.4627427591605 1305.850971036642 1305.850971036642 1305.850971036642
 301056 2048 3432.448 3432.448 3432.448 359.25536992840097 359.25536992840097 359.25536992840097 1437.0214797136039 1437.0214797136039 1437.0214797136039
 331160 2048 3606.016 3606.016 3606.016 376.15788726395 376.15788726395 376.15788726395 1504.6315490558 1504.6315490558 1504.6315490558
 364272 2048 3606.688 3606.688 3606.688 413.69203879015873 413.69203879015873 413.69203879015873 1654.768155160635 1654.768155160635 1654.768155160635
 400696 2048 3605.728 3605.728 3605.728 455.1787644547786 455.1787644547786 455.1787644547786 1820.7150578191145 1820.7150578191145 1820.7150578191145
 440760 2048 3919.136 3919.136 3919.136 460.6507556767614 460.6507556767614 460.6507556767614 1842.6030227070455 1842.6030227070455 1842.6030227070455
 484832 2048 4643.296 4643.296 4643.296 427.68582317388336 427.68582317388336 427.68582317388336 1710.7432926955335 1710.7432926955335 1710.7432926955335
 533312 1024 2333.568 2333.568 2333.568 468.048488837694 468.048488837694 468.048488837694 1872.193955350776 1872.193955350776 1872.193955350776
 586640 1024 2332.704 2332.704 2332.704 515.0412225468813 515.0412225468813 515.0412225468813 2060.164890187525 2060.164890187525 2060.164890187525
 645304 1024 2402.752 2402.752 2402.752 550.0287137415763 550.0287137415763 550.0287137415763 2200.1148549663053 2200.1148549663053 2200.1148549663053
 709832 1024 2872.544 2872.544 2872.544 506.07960609132533 506.07960609132533 506.07960609132533 2024.3184243653013 2024.3184243653013 2024.3184243653013
 780808 1024 2876.192 2876.192 2876.192 555.9763687542418 555.9763687542418 555.9763687542418 2223.905475016967 2223.905475016967 2223.905475016967
 858888 1024 2875.712 2875.712 2875.712 611.6755168806891 611.6755168806891 611.6755168806891 2446.7020675227564 2446.7020675227564 2446.7020675227564
 944776 1024 4260.064 4260.064 4260.064 454.19534729994666 454.19534729994666 454.19534729994666 1816.7813891997866 1816.7813891997866 1816.7813891997866
 1039248 1024 4342.432 4342.432 4342.432 490.13545957656913 490.13545957656913 490.13545957656913 1960.5418383062765 1960.5418383062765 1960.5418383062765
 1143168 512 2173.344 2173.344 2173.344 538.6188435884976 538.6188435884976 538.6188435884976 2154.4753743539904 2154.4753743539904 2154.4753743539904
 1257480 512 2487.584 2487.584 2487.584 517.6345884199288 517.6345884199288 517.6345884199288 2070.5383536797153 2070.5383536797153 2070.5383536797153
 1383224 512 2486.176 2486.176 2486.176 569.7188678516726 569.7188678516726 569.7188678516726 2278.8754714066904 2278.8754714066904 2278.8754714066904
 1521544 512 2818.016 2818.016 2818.016 552.892906214869 552.892906214869 552.892906214869 2211.571624859476 2211.571624859476 2211.571624859476
 1673696 512 2809.44 2809.44 2809.44 610.0378381456803 610.0378381456803 610.0378381456803 2440.1513525827213 2440.1513525827213 2440.1513525827213
 1841064 512 3125.056 3125.056 3125.056 603.2690409387864 603.2690409387864 603.2690409387864 2413.0761637551454 2413.0761637551454 2413.0761637551454
 2025168 512 3625.952 3625.952 3625.952 571.924844013379 571.924844013379 571.924844013379 2287.699376053516 2287.699376053516 2287.699376053516
 2227680 256 1900.128 1900.128 1900.128 600.2606982266459 600.2606982266459 600.2606982266459 2401.0427929065836 2401.0427929065836 2401.0427929065836
 2450448 256 2075.008 2075.008 2075.008 604.6383319967924 604.6383319967924 604.6383319967924 2418.5533279871697 2418.5533279871697 2418.5533279871697
 2695488 256 2410.72 2410.72 2410.72 572.480361053959 572.480361053959 572.480361053959 2289.921444215836 2289.921444215836 2289.921444215836
 2965032 256 2779.264 2779.264 2779.264 546.2224473817528 546.2224473817528 546.2224473817528 2184.889789527011 2184.889789527011 2184.889789527011
 3261528 256 2798.944 2798.944 2798.944 596.6187019104349 596.6187019104349 596.6187019104349 2386.4748076417395 2386.4748076417395 2386.4748076417395
 3587680 256 3552.032 3552.032 3552.032 517.1384041585211 517.1384041585211 517.1384041585211 2068.5536166340844 2068.5536166340844 2068.5536166340844
 3946448 256 3561.792 3561.792 3561.792 567.2934792374176 567.2934792374176 567.2934792374176 2269.1739169496705 2269.1739169496705 2269.1739169496705
 4341088 128 1700.864 1700.864 1700.864 653.3847080072245 653.3847080072245 653.3847080072245 2613.538832028898 2613.538832028898 2613.538832028898
 4775192 128 2285.152 2285.152 2285.152 534.9531024632059 534.9531024632059 534.9531024632059 2139.8124098528237 2139.8124098528237 2139.8124098528237
 5252704 128 2547.456 2547.456 2547.456 527.8568988041403 527.8568988041403 527.8568988041403 2111.4275952165613 2111.4275952165613 2111.4275952165613
 5777968 128 2527.296 2527.296 2527.296 585.2736711489276 585.2736711489276 585.2736711489276 2341.0946845957105 2341.0946845957105 2341.0946845957105
 6355760 128 2944.832 2944.832 2944.832 552.5186360376415 552.5186360376415 552.5186360376415 2210.074544150566 2210.074544150566 2210.074544150566
 6991336 128 3114.08 3114.08 3114.08 574.7386117248112 574.7386117248112 574.7386117248112 2298.954446899245 2298.954446899245 2298.954446899245
 7690464 128 4206.08 4206.08 4206.08 468.0744978697505 468.0744978697505 468.0744978697505 1872.297991479002 1872.297991479002 1872.297991479002
 8459504 64 2367.744 2367.744 2367.744 457.31992647853815 457.31992647853815 457.31992647853815 1829.2797059141526 1829.2797059141526 1829.2797059141526
 9305448 64 2667.392 2667.392 2667.392 446.5400451077307 446.5400451077307 446.5400451077307 1786.1601804309228 1786.1601804309228 1786.1601804309228
 10235992 64 3074.528 3074.528 3074.528 426.1489815672519 426.1489815672519 426.1489815672519 1704.5959262690076 1704.5959262690076 1704.5959262690076
 11259584 64 3209.152 3209.152 3209.152 449.09893704006544 449.09893704006544 449.09893704006544 1796.3957481602617 1796.3957481602617 1796.3957481602617
 12385536 64 3544.192 3544.192 3544.192 447.3088952291524 447.3088952291524 447.3088952291524 1789.2355809166097 1789.2355809166097 1789.2355809166097
 13624088 64 3898.88 3898.88 3898.88 447.2780039395929 447.2780039395929 447.2780039395929 1789.1120157583716 1789.1120157583716 1789.1120157583716
 14986496 64 4293.472 4293.472 4293.472 446.78793479962144 446.78793479962144 446.78793479962144 1787.1517391984858 1787.1517391984858 1787.1517391984858
 16485144 64 4682.144 4682.144 4682.144 450.66927288011647 450.66927288011647 450.66927288011647 1802.6770915204659 1802.6770915204659 1802.6770915204659
 18133656 32 2789.504 2789.504 2789.504 416.0431331161383 416.0431331161383 416.0431331161383 1664.1725324645531 1664.1725324645531 1664.1725324645531
 19947016 32 2880.0 2880.0 2880.0 443.26702222222224 443.26702222222224 443.26702222222224 1773.068088888889 1773.068088888889 1773.068088888889
 21941712 32 3149.088 3149.088 3149.088 445.9289699112885 445.9289699112885 445.9289699112885 1783.715879645154 1783.715879645154 1783.715879645154
 24135880 32 3461.088 3461.088 3461.088 446.30368254144355 446.30368254144355 446.30368254144355 1785.2147301657742 1785.2147301657742 1785.2147301657742
 26549464 32 3796.736 3796.736 3796.736 447.53327489717486 447.53327489717486 447.53327489717486 1790.1330995886995 1790.1330995886995 1790.1330995886995
 29204408 32 4190.976 4190.976 4190.976 445.9777655610531 445.9777655610531 445.9777655610531 1783.9110622442124 1783.9110622442124 1783.9110622442124
 32124848 32 4616.032 4616.032 4616.032 445.4020838677028 445.4020838677028 445.4020838677028 1781.6083354708112 1781.6083354708112 1781.6083354708112
 35337328 16 2771.2 2771.2 2771.2 408.052286374134 408.052286374134 408.052286374134 1632.209145496536 1632.209145496536 1632.209145496536
 38871056 16 2793.408 2793.408 2793.408 445.28897747840637 445.28897747840637 445.28897747840637 1781.1559099136255 1781.1559099136255 1781.1559099136255
 42758160 16 3058.496 3058.496 3058.496 447.3640377492729 447.3640377492729 447.3640377492729 1789.4561509970915 1789.4561509970915 1789.4561509970915
 47033976 16 3382.208 3382.208 3382.208 445.00138134615014 445.00138134615014 445.00138134615014 1780.0055253846006 1780.0055253846006 1780.0055253846006
 51737368 16 3755.296 3755.296 3755.296 440.8695815190068 440.8695815190068 440.8695815190068 1763.478326076027 1763.478326076027 1763.478326076027
 56911104 16 4108.704 4108.704 4108.704 443.2432533470409 443.2432533470409 443.2432533470409 1772.9730133881635 1772.9730133881635 1772.9730133881635
 62602208 16 4628.512 4628.512 4628.512 432.8109457207847 432.8109457207847 432.8109457207847 1731.2437828831387 1731.2437828831387 1731.2437828831387
 68862424 8 2482.592 2482.592 2482.592 443.80985034995683 443.80985034995683 443.80985034995683 1775.2394013998273 1775.2394013998273 1775.2394013998273
 75748664 8 2749.568 2749.568 2749.568 440.7887435408034 440.7887435408034 440.7887435408034 1763.1549741632136 1763.1549741632136 1763.1549741632136
 83323528 8 3221.152 3221.152 3221.152 413.88188076812264 413.88188076812264 413.88188076812264 1655.5275230724906 1655.5275230724906 1655.5275230724906
 91655880 8 3535.072 3535.072 3535.072 414.84136108118867 414.84136108118867 414.84136108118867 1659.3654443247547 1659.3654443247547 1659.3654443247547
 100821464 8 3906.336 3906.336 3906.336 412.9556249129619 412.9556249129619 412.9556249129619 1651.8224996518477 1651.8224996518477 1651.8224996518477
 110903608 8 4339.072 4339.072 4339.072 408.9486710522434 408.9486710522434 408.9486710522434 1635.7946842089736 1635.7946842089736 1635.7946842089736
 121993968 8 4757.344 4757.344 4757.344 410.29269441099905 410.29269441099905 410.29269441099905 1641.1707776439962 1641.1707776439962 1641.1707776439962
 134193360 8 5239.936 5239.936 5239.936 409.7557222072942 409.7557222072942 409.7557222072942 1639.0228888291767 1639.0228888291767 1639.0228888291767
 147612696 4 2866.08 2866.08 2866.08 412.0267291910902 412.0267291910902 412.0267291910902 1648.106916764361 1648.106916764361 1648.106916764361
 162373960 4 2958.528 2958.528 2958.528 439.06688731693606 439.06688731693606 439.06688731693606 1756.2675492677442 1756.2675492677442 1756.2675492677442
 178611352 4 3255.488 3255.488 3255.488 438.9175496884031 438.9175496884031 438.9175496884031 1755.6701987536123 1755.6701987536123 1755.6701987536123
 196472480 4 3667.2 3667.2 3667.2 428.6048865619547 428.6048865619547 428.6048865619547 1714.4195462478187 1714.4195462478187 1714.4195462478187
 216119728 4 3914.016 3914.016 3914.016 441.73499137458816 441.73499137458816 441.73499137458816 1766.9399654983526 1766.9399654983526 1766.9399654983526
 237731696 4 4324.096 4324.096 4324.096 439.8268604582322 439.8268604582322 439.8268604582322 1759.3074418329288 1759.3074418329288 1759.3074418329288
 261504864 4 5096.768 5096.768 5096.768 410.46382962693224 410.46382962693224 410.46382962693224 1641.855318507729 1641.855318507729 1641.855318507729
 287655344 2 2624.384 2624.384 2624.384 438.4348388040774 438.4348388040774 438.4348388040774 1753.7393552163096 1753.7393552163096 1753.7393552163096
 316420872 2 2968.768 2968.768 2968.768 426.33290577101343 426.33290577101343 426.33290577101343 1705.3316230840537 1705.3316230840537 1705.3316230840537
 348062952 2 3400.768 3400.768 3400.768 409.3933511489169 409.3933511489169 409.3933511489169 1637.5734045956676 1637.5734045956676 1637.5734045956676
 382869240 2 3734.528 3734.528 3734.528 410.08581539621605 410.08581539621605 410.08581539621605 1640.3432615848642 1640.3432615848642 1640.3432615848642
 421156160 2 3820.32 3820.32 3820.32 440.9642752439586 440.9642752439586 440.9642752439586 1763.8571009758343 1763.8571009758343 1763.8571009758343
 463271776 2 4194.176 4194.176 4194.176 441.82387768181405 441.82387768181405 441.82387768181405 1767.2955107272562 1767.2955107272562 1767.2955107272562
 509598952 2 5096.928 5096.928 5096.928 399.92634936181173 399.92634936181173 399.92634936181173 1599.705397447247 1599.705397447247 1599.705397447247
 560558840 1 2550.4 2550.4 2550.4 439.5850376411543 439.5850376411543 439.5850376411543 1758.3401505646173 1758.3401505646173 1758.3401505646173
 616614720 1 3021.952 3021.952 3021.952 408.0903469016053 408.0903469016053 408.0903469016053 1632.3613876064212 1632.3613876064212 1632.3613876064212
 678276192 1 3093.152 3093.152 3093.152 438.56635044123277 438.56635044123277 438.56635044123277 1754.265401764931 1754.265401764931 1754.265401764931
 746103808 1 3479.424 3479.424 3479.424 428.8662767170658 428.8662767170658 428.8662767170658 1715.465106868263 1715.465106868263 1715.465106868263
 820714184 1 3738.688 3738.688 3738.688 439.03860605645616 439.03860605645616 439.03860605645616 1756.1544242258246 1756.1544242258246 1756.1544242258246
 902785600 1 4261.92 4261.92 4261.92 423.6520629199985 423.6520629199985 423.6520629199985 1694.608251679994 1694.608251679994 1694.608251679994
 993064160 1 4675.232 4675.232 4675.232 424.81920041615047 424.81920041615047 424.81920041615047 1699.2768016646019 1699.2768016646019 1699.2768016646019
 
META_DATA
 FLOPS          64
 GPU_BLOCKS     320
 GPU_THREADS    512
 ERT_VERSION  1.1.0
 HOSTNAME  ('kp361.kingspeak.peaks', ['kp361'], ['10.242.2.107'])
 UNAME  uname_result(system='Linux', node='kp361', release='3.10.0-957.27.2.el7.x86_64', version='#1 SMP Mon Jul 29 17:46:05 UTC 2019', machine='x86_64', processor='x86_64')
 TIMESTAMP_DATA  1617136313.7754352
 CONFIG  {'ERT_RESULTS': ['Results/Results.kingspeak-p100-gpu.01'], 'ERT_DRIVER': ['driver1'], 'ERT_KERNEL': ['kernel1'], 'ERT_GPU': ['True'], 'ERT_GPU_CFLAGS': ['-x', 'cu', '-arch=sm_60'], 'ERT_GPU_LDFLAGS': [], 'ERT_FLOPS': ['1,64,256,512,1024'], 'ERT_ALIGN': ['32'], 'ERT_CC': ['nvcc'], 'ERT_CFLAGS': ['-O3', '-std=c++11'], 'ERT_LD': ['nvcc'], 'ERT_LDFLAGS': [], 'ERT_LDLIBS': [], 'ERT_RUN': ['srun', '-n', '1', './ERT_CODE'], 'ERT_PRECISION': ['FP64'], 'ERT_BLOCKS_THREADS': ['163840'], 'ERT_GPU_BLOCKS': ['160,320,640,1280,2560'], 'ERT_GPU_THREADS': ['1024,512,256,128,64'], 'ERT_NUM_EXPERIMENTS': ['1'], 'ERT_MEMORY_MAX': ['1073741824'], 'ERT_WORKING_SET_MIN': ['128'], 'ERT_TRIALS_MIN': ['1'], 'ERT_GNUPLOT': ['gnuplot'], 'ERT_MPI': [False], 'ERT_OPENMP': [False], 'ERT_HIP': [False], 'ERT_OCL': [False], 'ERT_SYCL': [False], 'ERT_WSS_MULT': [1.1]}
 