fp64
 1024 1048576 769146.484 769146.484 769146.484 2.7920346678721866 2.7920346678721866 2.7920346678721866 0.17450216674201166 0.17450216674201166 0.17450216674201166
 1120 524288 384563.873 384563.873 384563.873 3.053862316390807 3.053862316390807 3.053862316390807 0.19086639477442544 0.19086639477442544 0.19086639477442544
 1232 524288 377213.226 377213.226 377213.226 3.424709270400821 3.424709270400821 3.424709270400821 0.2140443294000513 0.2140443294000513 0.2140443294000513
 1352 524288 392656.006 392656.006 392656.006 3.6104751495893326 3.6104751495893326 3.6104751495893326 0.22565469684933329 0.22565469684933329 0.22565469684933329
 1480 524288 400505.676 400505.676 400505.676 3.8748326752802376 3.8748326752802376 3.8748326752802376 0.24217704220501485 0.24217704220501485 0.24217704220501485
 1624 524288 389683.838 389683.838 389683.838 4.369920581617758 4.369920581617758 4.369920581617758 0.2731200363511099 0.2731200363511099 0.2731200363511099
 1784 524288 390091.766 390091.766 390091.766 4.79543468241265 4.79543468241265 4.79543468241265 0.29971466765079063 0.29971466765079063 0.29971466765079063
 1960 524288 395284.271 395284.271 395284.271 5.199318846663645 5.199318846663645 5.199318846663645 0.3249574279164778 0.3249574279164778 0.3249574279164778
 2152 262144 192161.957 192161.957 192161.957 5.871441952477618 5.871441952477618 5.871441952477618 0.3669651220298511 0.3669651220298511 0.3669651220298511
 2360 262144 200270.142 200270.142 200270.142 6.178253371388732 6.178253371388732 6.178253371388732 0.38614083571179575 0.38614083571179575 0.38614083571179575
 2592 262144 192147.781 192147.781 192147.781 7.072444391122061 7.072444391122061 7.072444391122061 0.4420277744451288 0.4420277744451288 0.4420277744451288
 2848 262144 192447.495 192447.495 192447.495 7.758855078887881 7.758855078887881 7.758855078887881 0.48492844243049255 0.48492844243049255 0.48492844243049255
 3128 262144 190890.457 190890.457 190890.457 8.591172601153133 8.591172601153133 8.591172601153133 0.5369482875720708 0.5369482875720708 0.5369482875720708
 3440 262144 196251.877 196251.877 196251.877 9.189979467049886 9.189979467049886 9.189979467049886 0.5743737166906179 0.5743737166906179 0.5743737166906179
 3784 262144 192337.509 192337.509 192337.509 10.314710855488933 10.314710855488933 10.314710855488933 0.6446694284680583 0.6446694284680583 0.6446694284680583
 4160 131072 99740.318 99740.318 99740.318 10.933582946868087 10.933582946868087 10.933582946868087 0.6833489341792555 0.6833489341792555 0.6833489341792555
 4576 131072 103220.802 103220.802 103220.802 11.621406933071494 11.621406933071494 11.621406933071494 0.7263379333169684 0.7263379333169684 0.7263379333169684
 5032 131072 106836.029 106836.029 106836.029 12.347038918865096 12.347038918865096 12.347038918865096 0.7716899324290685 0.7716899324290685 0.7716899324290685
 5528 131072 102558.563 102558.563 102558.563 14.129800473120905 14.129800473120905 14.129800473120905 0.8831125295700566 0.8831125295700566 0.8831125295700566
 6080 131072 103349.373 103349.373 103349.373 15.421820894839874 15.421820894839874 15.421820894839874 0.9638638059274921 0.9638638059274921 0.9638638059274921
 6688 131072 97582.909 97582.909 97582.909 17.966456318698185 17.966456318698185 17.966456318698185 1.1229035199186366 1.1229035199186366 1.1229035199186366
 7352 131072 101239.517 101239.517 101239.517 19.03686174243601 19.03686174243601 19.03686174243601 1.1898038589022506 1.1898038589022506 1.1898038589022506
 8080 131072 101658.081 101658.081 101658.081 20.835761399037228 20.835761399037228 20.835761399037228 1.3022350874398267 1.3022350874398267 1.3022350874398267
 8888 65536 48277.824 48277.824 48277.824 24.13049801084655 24.13049801084655 24.13049801084655 1.5081561256779095 1.5081561256779095 1.5081561256779095
 9776 65536 48175.262 48175.262 48175.262 26.59788071313447 26.59788071313447 26.59788071313447 1.6623675445709043 1.6623675445709043 1.6623675445709043
 10752 65536 48177.441 48177.441 48177.441 29.251992524883168 29.251992524883168 29.251992524883168 1.828249532805198 1.828249532805198 1.828249532805198
 11824 65536 48572.254 48572.254 48572.254 31.907008639129657 31.907008639129657 31.907008639129657 1.9941880399456036 1.9941880399456036 1.9941880399456036
 13000 65536 47361.439 47361.439 47361.439 35.977285234090964 35.977285234090964 35.977285234090964 2.2485803271306852 2.2485803271306852 2.2485803271306852
 14296 65536 46313.663 46313.663 46313.663 40.45901772010562 40.45901772010562 40.45901772010562 2.5286886075066013 2.5286886075066013 2.5286886075066013
 15720 65536 47682.69 47682.69 47682.69 43.21173658616995 43.21173658616995 43.21173658616995 2.7007335366356218 2.7007335366356218 2.7007335366356218
 17288 32768 22916.191 22916.191 22916.191 49.44043135266241 49.44043135266241 49.44043135266241 3.0900269595414005 3.0900269595414005 3.0900269595414005
 19016 32768 22370.497 22370.497 22370.497 55.7087567611931 55.7087567611931 55.7087567611931 3.481797297574569 3.481797297574569 3.481797297574569
 20912 32768 22393.824 22393.824 22393.824 61.19941069466296 61.19941069466296 61.19941069466296 3.824963168416435 3.824963168416435 3.824963168416435
 23000 32768 21925.983 21925.983 21925.983 68.74619942923425 68.74619942923425 68.74619942923425 4.296637464327141 4.296637464327141 4.296637464327141
 25296 32768 21824.896 21824.896 21824.896 75.95906326426481 75.95906326426481 75.95906326426481 4.747441454016551 4.747441454016551 4.747441454016551
 27824 32768 21717.44 21717.44 21717.44 83.96356402964624 83.96356402964624 83.96356402964624 5.24772275185289 5.24772275185289 5.24772275185289
 30600 32768 22215.872 22215.872 22215.872 90.26886723150007 90.26886723150007 90.26886723150007 5.641804201968754 5.641804201968754 5.641804201968754
 33656 16384 11255.392 11255.392 11255.392 97.98324287594781 97.98324287594781 97.98324287594781 6.123952679746738 6.123952679746738 6.123952679746738
 37016 16384 11255.616 11255.616 11255.616 107.7631191398143 107.7631191398143 107.7631191398143 6.735194946238393 6.735194946238393 6.735194946238393
 40712 16384 11219.328 11219.328 11219.328 118.90648138640746 118.90648138640746 118.90648138640746 7.4316550866504665 7.4316550866504665 7.4316550866504665
 44776 16384 11047.712 11047.712 11047.712 132.80758658444392 132.80758658444392 132.80758658444392 8.300474161527745 8.300474161527745 8.300474161527745
 49248 16384 11085.472 11085.472 11085.472 145.57417708510744 145.57417708510744 145.57417708510744 9.098386067819215 9.098386067819215 9.098386067819215
 54168 16384 11093.856 11093.856 11093.856 159.9964001696074 159.9964001696074 159.9964001696074 9.999775010600462 9.999775010600462 9.999775010600462
 59584 16384 10824.704 10824.704 10824.704 180.369690663135 180.369690663135 180.369690663135 11.273105666445938 11.273105666445938 11.273105666445938
 65536 16384 11192.096 11192.096 11192.096 191.87502037151933 191.87502037151933 191.87502037151933 11.992188773219958 11.992188773219958 11.992188773219958
 72088 8192 5304.48 5304.48 5304.48 222.65892076131877 222.65892076131877 222.65892076131877 13.916182547582423 13.916182547582423 13.916182547582423
 79296 8192 5470.624 5470.624 5470.624 237.48399890030828 237.48399890030828 237.48399890030828 14.842749931269267 14.842749931269267 14.842749931269267
 87224 8192 5377.152 5377.152 5377.152 265.7685734009379 265.7685734009379 265.7685734009379 16.61053583755862 16.61053583755862 16.61053583755862
 95944 8192 5413.44 5413.44 5413.44 290.37848318259745 290.37848318259745 290.37848318259745 18.14865519891234 18.14865519891234 18.14865519891234
 105536 8192 5392.736 5392.736 5392.736 320.63535541142755 320.63535541142755 320.63535541142755 20.039709713214222 20.039709713214222 20.039709713214222
 116088 8192 5481.632 5481.632 5481.632 346.9743667579291 346.9743667579291 346.9743667579291 21.685897922370568 21.685897922370568 21.685897922370568
 127696 8192 5416.768 5416.768 5416.768 386.23977692971164 386.23977692971164 386.23977692971164 24.139986058106977 24.139986058106977 24.139986058106977
 140464 4096 2814.656 2814.656 2814.656 408.81766297551104 408.81766297551104 408.81766297551104 25.55110393596944 25.55110393596944 25.55110393596944
 154504 4096 2782.304 2782.304 2782.304 454.90958859995163 454.90958859995163 454.90958859995163 28.431849287496977 28.431849287496977 28.431849287496977
 169952 4096 2847.808 2847.808 2847.808 488.8836550778704 488.8836550778704 488.8836550778704 30.5552284423669 30.5552284423669 30.5552284423669
 186944 4096 2755.456 2755.456 2755.456 555.7865006735726 555.7865006735726 555.7865006735726 34.73665629209829 34.73665629209829 34.73665629209829
 205632 4096 2792.16 2792.16 2792.16 603.3097472924188 603.3097472924188 603.3097472924188 37.706859205776176 37.706859205776176 37.706859205776176
 226192 4096 2716.96 2716.96 2716.96 681.9993168835757 681.9993168835757 681.9993168835757 42.62495730522348 42.62495730522348 42.62495730522348
 248808 4096 2815.168 2815.168 2815.168 724.0190056152953 724.0190056152953 724.0190056152953 45.25118785095596 45.25118785095596 45.25118785095596
 273688 2048 1421.28 1421.28 1421.28 788.7439828886637 788.7439828886637 788.7439828886637 49.29649893054148 49.29649893054148 49.29649893054148
 301056 2048 1445.6 1445.6 1445.6 853.019767570559 853.019767570559 853.019767570559 53.31373547315994 53.31373547315994 53.31373547315994
 331160 2048 1465.12 1465.12 1465.12 925.8158785628482 925.8158785628482 925.8158785628482 57.86349241017801 57.86349241017801 57.86349241017801
 364272 2048 1475.808 1475.808 1475.808 1011.0109932999416 1011.0109932999416 1011.0109932999416 63.18818708124635 63.18818708124635 63.18818708124635
 400696 2048 1490.592 1490.592 1490.592 1101.0731414095876 1101.0731414095876 1101.0731414095876 68.81707133809923 68.81707133809923 68.81707133809923
 440760 2048 1518.464 1518.464 1518.464 1188.933659276743 1188.933659276743 1188.933659276743 74.30835370479643 74.30835370479643 74.30835370479643
 484832 2048 1467.136 1467.136 1467.136 1353.5704065608097 1353.5704065608097 1353.5704065608097 84.59815041005061 84.59815041005061 84.59815041005061
 533312 1024 713.824 713.824 713.824 1530.1012238310846 1530.1012238310846 1530.1012238310846 95.63132648944278 95.63132648944278 95.63132648944278
 586640 1024 721.92 721.92 721.92 1664.2269503546102 1664.2269503546102 1664.2269503546102 104.01418439716313 104.01418439716313 104.01418439716313
 645304 1024 791.552 791.552 791.552 1669.6093143596377 1669.6093143596377 1669.6093143596377 104.35058214747735 104.35058214747735 104.35058214747735
 709832 1024 863.68 863.68 863.68 1683.188143756947 1683.188143756947 1683.188143756947 105.19925898480919 105.19925898480919 105.19925898480919
 780808 1024 949.216 949.216 949.216 1684.6479452516603 1684.6479452516603 1684.6479452516603 105.29049657822877 105.29049657822877 105.29049657822877
 858888 1024 1020.448 1020.448 1020.448 1723.7552761140207 1723.7552761140207 1723.7552761140207 107.7347047571263 107.7347047571263 107.7347047571263
 944776 1024 1590.56 1590.56 1590.56 1216.4905743888946 1216.4905743888946 1216.4905743888946 76.03066089930591 76.03066089930591 76.03066089930591
 1039248 1024 1689.28 1689.28 1689.28 1259.9331691608259 1259.9331691608259 1259.9331691608259 78.74582307255162 78.74582307255162 78.74582307255162
 1143168 512 925.6 925.6 925.6 1264.6975280898876 1264.6975280898876 1264.6975280898876 79.04359550561797 79.04359550561797 79.04359550561797
 1257480 512 992.032 992.032 992.032 1298.0019999354859 1298.0019999354859 1298.0019999354859 81.12512499596787 81.12512499596787 81.12512499596787
 1383224 512 1026.048 1026.048 1026.048 1380.463073852295 1380.463073852295 1380.463073852295 86.27894211576844 86.27894211576844 86.27894211576844
 1521544 512 1029.856 1029.856 1029.856 1512.8921480284623 1512.8921480284623 1512.8921480284623 94.5557592517789 94.5557592517789 94.5557592517789
 1673696 512 1050.72 1050.72 1050.72 1631.1336074310948 1631.1336074310948 1631.1336074310948 101.94585046444342 101.94585046444342 101.94585046444342
 1841064 512 1167.552 1167.552 1167.552 1614.7028449268214 1614.7028449268214 1614.7028449268214 100.91892780792634 100.91892780792634 100.91892780792634
 2025168 512 1433.152 1433.152 1433.152 1447.0007591658107 1447.0007591658107 1447.0007591658107 90.43754744786317 90.43754744786317 90.43754744786317
 2227680 256 789.184 789.184 789.184 1445.2550482523723 1445.2550482523723 1445.2550482523723 90.32844051577327 90.32844051577327 90.32844051577327
 2450448 256 1012.352 1012.352 1012.352 1239.3212795549375 1239.3212795549375 1239.3212795549375 77.4575799721836 77.4575799721836 77.4575799721836
 2695488 256 1029.056 1029.056 1029.056 1341.122209092605 1341.122209092605 1341.122209092605 83.82013806828782 83.82013806828782 83.82013806828782
 2965032 256 951.264 951.264 951.264 1595.872842870118 1595.872842870118 1595.872842870118 99.74205267938237 99.74205267938237 99.74205267938237
 3261528 256 1127.52 1127.52 1127.52 1481.0401021711368 1481.0401021711368 1481.0401021711368 92.56500638569605 92.56500638569605 92.56500638569605
 3587680 256 1371.584 1371.584 1371.584 1339.2487518081284 1339.2487518081284 1339.2487518081284 83.70304698800803 83.70304698800803 83.70304698800803
 3946448 256 1560.576 1560.576 1560.576 1294.7664041994751 1294.7664041994751 1294.7664041994751 80.9229002624672 80.9229002624672 80.9229002624672
 4341088 128 676.576 676.576 676.576 1642.5627394409496 1642.5627394409496 1642.5627394409496 102.66017121505935 102.66017121505935 102.66017121505935
 4775192 128 1046.048 1046.048 1046.048 1168.6358102113861 1168.6358102113861 1168.6358102113861 73.03973813821163 73.03973813821163 73.03973813821163
 5252704 128 1285.888 1285.888 1285.888 1045.73043997611 1045.73043997611 1045.73043997611 65.35815249850687 65.35815249850687 65.35815249850687
 5777968 128 1385.12 1385.12 1385.12 1067.892895922375 1067.892895922375 1067.892895922375 66.74330599514843 66.74330599514843 66.74330599514843
 6355760 128 2424.8 2424.8 2424.8 671.0139227977564 671.0139227977564 671.0139227977564 41.93837017485978 41.93837017485978 41.93837017485978
 6991336 128 2737.568 2737.568 2737.568 653.7854095313796 653.7854095313796 653.7854095313796 40.86158809571123 40.86158809571123 40.86158809571123
 7690464 128 3346.368 3346.368 3346.368 588.3270411383327 588.3270411383327 588.3270411383327 36.77044007114579 36.77044007114579 36.77044007114579
 8459504 64 1868.48 1868.48 1868.48 579.5173146086659 579.5173146086659 579.5173146086659 36.219832163041616 36.219832163041616 36.219832163041616
 9305448 64 2041.28 2041.28 2041.28 583.5051261953284 583.5051261953284 583.5051261953284 36.46907038720803 36.46907038720803 36.46907038720803
 10235992 64 2312.16 2312.16 2312.16 566.6593038544046 566.6593038544046 566.6593038544046 35.41620649090029 35.41620649090029 35.41620649090029
 11259584 64 2514.464 2514.464 2514.464 573.174542168828 573.174542168828 573.174542168828 35.82340888555175 35.82340888555175 35.82340888555175
 12385536 64 2785.184 2785.184 2785.184 569.2078541310018 569.2078541310018 569.2078541310018 35.57549088318761 35.57549088318761 35.57549088318761
 13624088 64 3073.184 3073.184 3073.184 567.4516280183678 567.4516280183678 567.4516280183678 35.46572675114799 35.46572675114799 35.46572675114799
 14986496 64 3432.0 3432.0 3432.0 558.9369137529137 558.9369137529137 558.9369137529137 34.93355710955711 34.93355710955711 34.93355710955711
 16485144 64 3790.784 3790.784 3790.784 556.6390572504263 556.6390572504263 556.6390572504263 34.78994107815164 34.78994107815164 34.78994107815164
 18133656 32 2153.408 2153.408 2153.408 538.938270871103 538.938270871103 538.938270871103 33.68364192944394 33.68364192944394 33.68364192944394
 19947016 32 2410.304 2410.304 2410.304 529.6464777886938 529.6464777886938 529.6464777886938 33.10290486179336 33.10290486179336 33.10290486179336
 21941712 32 2694.08 2694.08 2694.08 521.2427129112722 521.2427129112722 521.2427129112722 32.57766955695451 32.57766955695451 32.57766955695451
 24135880 32 2947.808 2947.808 2947.808 524.0152411554619 524.0152411554619 524.0152411554619 32.75095257221637 32.75095257221637 32.75095257221637
 26549464 32 3273.984 3273.984 3273.984 518.9902259754476 518.9902259754476 518.9902259754476 32.43688912346548 32.43688912346548 32.43688912346548
 29204408 32 3604.032 3604.032 3604.032 518.6086338856037 518.6086338856037 518.6086338856037 32.41303961785023 32.41303961785023 32.41303961785023
 32124848 32 3983.936 3983.936 3983.936 516.0701055438641 516.0701055438641 516.0701055438641 32.254381596491505 32.254381596491505 32.254381596491505
 35337328 16 2224.736 2224.736 2224.736 508.2825539749436 508.2825539749436 508.2825539749436 31.767659623433975 31.767659623433975 31.767659623433975
 38871056 16 2459.2 2459.2 2459.2 505.80424202992845 505.80424202992845 505.80424202992845 31.612765126870528 31.612765126870528 31.612765126870528
 42758160 16 2708.0 2708.0 2708.0 505.2662924667652 505.2662924667652 505.2662924667652 31.579143279172825 31.579143279172825 31.579143279172825
 47033976 16 2949.952 2949.952 2949.952 510.2073633740481 510.2073633740481 510.2073633740481 31.887960210878006 31.887960210878006 31.887960210878006
 51737368 16 3201.856 3201.856 3201.856 517.0737772092186 517.0737772092186 517.0737772092186 32.317111075576165 32.317111075576165 32.317111075576165
 56911104 16 3515.168 3515.168 3515.168 518.0848619468543 518.0848619468543 518.0848619468543 32.38030387167839 32.38030387167839 32.38030387167839
 62602208 16 3953.696 3953.696 3953.696 506.68302671727935 506.68302671727935 506.68302671727935 31.66768916982996 31.66768916982996 31.66768916982996
 68862424 8 2183.104 2183.104 2183.104 504.6936765266337 504.6936765266337 504.6936765266337 31.543354782914605 31.543354782914605 31.543354782914605
 75748664 8 2372.736 2372.736 2372.736 510.7937098775422 510.7937098775422 510.7937098775422 31.924606867346387 31.924606867346387 31.924606867346387
 83323528 8 2632.544 2632.544 2632.544 506.42133540787927 506.42133540787927 506.42133540787927 31.651333462992454 31.651333462992454 31.651333462992454
 91655880 8 2884.672 2884.672 2884.672 508.37463670046367 508.37463670046367 508.37463670046367 31.77341479377898 31.77341479377898 31.77341479377898
 100821464 8 3176.544 3176.544 3176.544 507.82971178740166 507.82971178740166 507.82971178740166 31.739356986712604 31.739356986712604 31.739356986712604
 110903608 8 3497.472 3497.472 3497.472 507.3543771043771 507.3543771043771 507.3543771043771 31.709648569023567 31.709648569023567 31.709648569023567
 121993968 8 3842.144 3842.144 3842.144 508.02455295793186 508.02455295793186 508.02455295793186 31.75153455987074 31.75153455987074 31.75153455987074
 134193360 8 4288.256 4288.256 4288.256 500.6916005014626 500.6916005014626 500.6916005014626 31.29322503134141 31.29322503134141 31.29322503134141
 147612696 4 2351.744 2351.744 2351.744 502.13865454743365 502.13865454743365 502.13865454743365 31.383665909214603 31.383665909214603 31.383665909214603
 162373960 4 2564.448 2564.448 2564.448 506.53851433134935 506.53851433134935 506.53851433134935 31.658657145709334 31.658657145709334 31.658657145709334
 178611352 4 2788.384 2788.384 2788.384 512.444059354809 512.444059354809 512.444059354809 32.027753709675565 32.027753709675565 32.027753709675565
 196472480 4 3132.768 3132.768 3132.768 501.72238735839994 501.72238735839994 501.72238735839994 31.357649209899996 31.357649209899996 31.357649209899996
 216119728 4 3461.024 3461.024 3461.024 499.5509490832771 499.5509490832771 499.5509490832771 31.221934317704818 31.221934317704818 31.221934317704818
 237731696 4 3761.984 3761.984 3761.984 505.5453632976642 505.5453632976642 505.5453632976642 31.596585206104013 31.596585206104013 31.596585206104013
 261504864 4 4159.328 4159.328 4159.328 502.9752190738504 502.9752190738504 502.9752190738504 31.43595119211565 31.43595119211565 31.43595119211565
 287655344 2 2281.952 2281.952 2281.952 504.22680932815405 504.22680932815405 504.22680932815405 31.514175583009628 31.514175583009628 31.514175583009628
 316420872 2 2509.664 2509.664 2509.664 504.3238808063549 504.3238808063549 504.3238808063549 31.52024255039718 31.52024255039718 31.52024255039718
 348062952 2 2758.976 2758.976 2758.976 504.62628453455187 504.62628453455187 504.62628453455187 31.539142783409492 31.539142783409492 31.539142783409492
 382869240 2 3038.752 3038.752 3038.752 503.9822137509083 503.9822137509083 503.9822137509083 31.498888359431767 31.498888359431767 31.498888359431767
 421156160 2 3357.312 3357.312 3357.312 501.7778031949369 501.7778031949369 501.7778031949369 31.361112699683556 31.361112699683556 31.361112699683556
 463271776 2 3684.128 3684.128 3684.128 502.9920523934022 502.9920523934022 502.9920523934022 31.43700327458764 31.43700327458764 31.43700327458764
 509598952 2 4059.712 4059.712 4059.712 502.103550202576 502.103550202576 502.103550202576 31.381471887661 31.381471887661 31.381471887661
 560558840 1 2235.04 2235.04 2235.04 501.60967141527675 501.60967141527675 501.60967141527675 31.350604463454797 31.350604463454797 31.350604463454797
 616614720 1 2474.912 2474.912 2474.912 498.2922382694819 498.2922382694819 498.2922382694819 31.14326489184262 31.14326489184262 31.14326489184262
 678276192 1 2703.904 2703.904 2703.904 501.7013858480183 501.7013858480183 501.7013858480183 31.356336615501142 31.356336615501142 31.356336615501142
 746103808 1 2955.104 2955.104 2955.104 504.95942477828197 504.95942477828197 504.95942477828197 31.559964048642623 31.559964048642623 31.559964048642623
 820714184 1 3281.088 3281.088 3281.088 500.2695349835176 500.2695349835176 500.2695349835176 31.26684593646985 31.26684593646985 31.26684593646985
 902785600 1 3595.744 3595.744 3595.744 502.14119803857 502.14119803857 502.14119803857 31.383824877410625 31.383824877410625 31.383824877410625
 993064160 1 3957.024 3957.024 3957.024 501.92475961732856 501.92475961732856 501.92475961732856 31.370297476083035 31.370297476083035 31.370297476083035
 
META_DATA
 FLOPS          1
 GPU_BLOCKS     2560
 GPU_THREADS    64
 ERT_VERSION  1.1.0
 HOSTNAME  ('kp361.kingspeak.peaks', ['kp361'], ['10.242.2.107'])
 UNAME  uname_result(system='Linux', node='kp361', release='3.10.0-957.27.2.el7.x86_64', version='#1 SMP Mon Jul 29 17:46:05 UTC 2019', machine='x86_64', processor='x86_64')
 TIMESTAMP_DATA  1617136235.4263759
 CONFIG  {'ERT_RESULTS': ['Results/Results.kingspeak-p100-gpu.01'], 'ERT_DRIVER': ['driver1'], 'ERT_KERNEL': ['kernel1'], 'ERT_GPU': ['True'], 'ERT_GPU_CFLAGS': ['-x', 'cu', '-arch=sm_60'], 'ERT_GPU_LDFLAGS': [], 'ERT_FLOPS': ['1,64,256,512,1024'], 'ERT_ALIGN': ['32'], 'ERT_CC': ['nvcc'], 'ERT_CFLAGS': ['-O3', '-std=c++11'], 'ERT_LD': ['nvcc'], 'ERT_LDFLAGS': [], 'ERT_LDLIBS': [], 'ERT_RUN': ['srun', '-n', '1', './ERT_CODE'], 'ERT_PRECISION': ['FP64'], 'ERT_BLOCKS_THREADS': ['163840'], 'ERT_GPU_BLOCKS': ['160,320,640,1280,2560'], 'ERT_GPU_THREADS': ['1024,512,256,128,64'], 'ERT_NUM_EXPERIMENTS': ['1'], 'ERT_MEMORY_MAX': ['1073741824'], 'ERT_WORKING_SET_MIN': ['128'], 'ERT_TRIALS_MIN': ['1'], 'ERT_GNUPLOT': ['gnuplot'], 'ERT_MPI': [False], 'ERT_OPENMP': [False], 'ERT_HIP': [False], 'ERT_OCL': [False], 'ERT_SYCL': [False], 'ERT_WSS_MULT': [1.1]}
 