fp64
 1024 1048576 4106618.164 4106618.164 4106618.164 0.5229323891920525 0.5229323891920525 0.5229323891920525 33.46767290829136 33.46767290829136 33.46767290829136
 1120 524288 2053243.896 2053243.896 2053243.896 0.571975459071327 0.571975459071327 0.571975459071327 36.606429380564926 36.606429380564926 36.606429380564926
 1232 524288 2050724.609 2050724.609 2050724.609 0.6299459353686432 0.6299459353686432 0.6299459353686432 40.316539863593164 40.316539863593164 40.316539863593164
 1352 524288 2056223.145 2056223.145 2056223.145 0.6894556923198137 0.6894556923198137 0.6894556923198137 44.12516430846808 44.12516430846808 44.12516430846808
 1480 524288 2058757.813 2058757.813 2058757.813 0.7538004082853236 0.7538004082853236 0.7538004082853236 48.24322613026071 48.24322613026071 48.24322613026071
 1624 524288 2058663.086 2058663.086 2058663.086 0.8271812107481488 0.8271812107481488 0.8271812107481488 52.93959748788152 52.93959748788152 52.93959748788152
 1784 524288 2059030.762 2059030.762 2059030.762 0.9085146363636505 0.9085146363636505 0.9085146363636505 58.14493672727363 58.14493672727363 58.14493672727363
 1960 524288 2058999.756 2058999.756 2058999.756 0.9981589138177634 0.9981589138177634 0.9981589138177634 63.88217048433686 63.88217048433686 63.88217048433686
 2152 262144 1021333.069 1021333.069 1021333.069 1.1047011109751896 1.1047011109751896 1.1047011109751896 70.70087110241214 70.70087110241214 70.70087110241214
 2360 262144 1013687.927 1013687.927 1013687.927 1.2206120316159195 1.2206120316159195 1.2206120316159195 78.11917002341885 78.11917002341885 78.11917002341885
 2592 262144 1018942.2 1018942.2 1018942.2 1.3336914458935945 1.3336914458935945 1.3336914458935945 85.35625253719004 85.35625253719004 85.35625253719004
 2848 262144 1016172.913 1016172.913 1016172.913 1.4694076223620027 1.4694076223620027 1.4694076223620027 94.04208783116817 94.04208783116817 94.04208783116817
 3128 262144 1019089.783 1019089.783 1019089.783 1.609252581428343 1.609252581428343 1.609252581428343 102.99216521141395 102.99216521141395 102.99216521141395
 3440 262144 1018887.024 1018887.024 1018887.024 1.7701184503454819 1.7701184503454819 1.7701184503454819 113.28758082211084 113.28758082211084 113.28758082211084
 3784 262144 1016220.215 1016220.215 1016220.215 1.9522400388384324 1.9522400388384324 1.9522400388384324 124.94336248565968 124.94336248565968 124.94336248565968
 4160 131072 517334.595 517334.595 517334.595 2.1079569209942357 2.1079569209942357 2.1079569209942357 134.90924294363109 134.90924294363109 134.90924294363109
 4576 131072 517392.7 517392.7 517392.7 2.318492209109251 2.318492209109251 2.318492209109251 148.38350138299205 148.38350138299205 148.38350138299205
 5032 131072 515873.657 515873.657 515873.657 2.5570381237745585 2.5570381237745585 2.5570381237745585 163.65043992157175 163.65043992157175 163.65043992157175
 5528 131072 516029.907 516029.907 516029.907 2.8082326476476878 2.8082326476476878 2.8082326476476878 179.72688944945202 179.72688944945202 179.72688944945202
 6080 131072 514491.577 514491.577 514491.577 3.0978845743085897 3.0978845743085897 3.0978845743085897 198.26461275574974 198.26461275574974 198.26461275574974
 6688 131072 514689.636 514689.636 514689.636 3.40636171659769 3.40636171659769 3.40636171659769 218.00714986225216 218.00714986225216 218.00714986225216
 7352 131072 514761.902 514761.902 514761.902 3.744027443584976 3.744027443584976 3.744027443584976 239.61775638943845 239.61775638943845 239.61775638943845
 8080 131072 514486.45 514486.45 514486.45 4.116966579003198 4.116966579003198 4.116966579003198 263.48586105620467 263.48586105620467 263.48586105620467
 8888 65536 254798.691 254798.691 254798.691 4.572111149503512 4.572111149503512 4.572111149503512 292.6151135682248 292.6151135682248 292.6151135682248
 9776 65536 255322.662 255322.662 255322.662 5.018590445371433 5.018590445371433 5.018590445371433 321.1897885037717 321.1897885037717 321.1897885037717
 10752 65536 254911.865 254911.865 254911.865 5.528523138771904 5.528523138771904 5.528523138771904 353.82548088140186 353.82548088140186 353.82548088140186
 11824 65536 255141.434 255141.434 255141.434 6.074259690803494 6.074259690803494 6.074259690803494 388.7526202114236 388.7526202114236 388.7526202114236
 13000 65536 255252.731 255252.731 255252.731 6.675485873645755 6.675485873645755 6.675485873645755 427.2310959133283 427.2310959133283 427.2310959133283
 14296 65536 254266.144 254266.144 254266.144 7.369464461615463 7.369464461615463 7.369464461615463 471.64572554338963 471.64572554338963 471.64572554338963
 15720 65536 254380.188 254380.188 254380.188 8.099891175487297 8.099891175487297 8.099891175487297 518.393035231187 518.393035231187 518.393035231187
 17288 32768 126364.189 126364.189 126364.189 8.966039959311574 8.966039959311574 8.966039959311574 573.8265573959408 573.8265573959408 573.8265573959408
 19016 32768 125686.913 125686.913 125686.913 9.915372621173374 9.915372621173374 9.915372621173374 634.5838477550959 634.5838477550959 634.5838477550959
 20912 32768 125593.666 125593.666 125593.666 10.912085582405087 10.912085582405087 10.912085582405087 698.3734772739256 698.3734772739256 698.3734772739256
 23000 32768 125350.975 125350.975 125350.975 12.02486059641738 12.02486059641738 12.02486059641738 769.5910781707123 769.5910781707123 769.5910781707123
 25296 32768 125328.865 125328.865 125328.865 13.227588520808832 13.227588520808832 13.227588520808832 846.5656653317652 846.5656653317652 846.5656653317652
 27824 32768 125080.162 125080.162 125080.162 14.578440216602853 14.578440216602853 14.578440216602853 933.0201738625826 933.0201738625826 933.0201738625826
 30600 32768 132770.523 132770.523 132770.523 15.104268287020307 15.104268287020307 15.104268287020307 966.6731703692997 966.6731703692997 966.6731703692997
 33656 16384 66002.113 66002.113 66002.113 16.709159114345322 16.709159114345322 16.709159114345322 1069.3861833181006 1069.3861833181006 1069.3861833181006
 37016 16384 66095.421 66095.421 66095.421 18.35135126834278 18.35135126834278 18.35135126834278 1174.4864811739378 1174.4864811739378 1174.4864811739378
 40712 16384 65568.13 65568.13 65568.13 20.346025058210444 20.346025058210444 20.346025058210444 1302.1456037254684 1302.1456037254684 1302.1456037254684
 44776 16384 66973.312 66973.312 66973.312 21.907531883744973 21.907531883744973 21.907531883744973 1402.0820405596783 1402.0820405596783 1402.0820405596783
 49248 16384 66765.694 66765.694 66765.694 24.170473896369593 24.170473896369593 24.170473896369593 1546.910329367654 1546.910329367654 1546.910329367654
 54168 16384 66624.413 66624.413 66624.413 26.64154090183128 26.64154090183128 26.64154090183128 1705.058617717202 1705.058617717202 1705.058617717202
 59584 16384 65611.649 65611.649 65611.649 29.757650383089743 29.757650383089743 29.757650383089743 1904.4896245177436 1904.4896245177436 1904.4896245177436
 65536 16384 66062.752 66062.752 66062.752 32.50672403111515 32.50672403111515 32.50672403111515 2080.4303379913695 2080.4303379913695 2080.4303379913695
 72088 8192 32996.414 32996.414 32996.414 35.79448942542666 35.79448942542666 35.79448942542666 2290.8473232273063 2290.8473232273063 2290.8473232273063
 79296 8192 32432.129 32432.129 32432.129 40.05859942157975 40.05859942157975 40.05859942157975 2563.750362981104 2563.750362981104 2563.750362981104
 87224 8192 33157.887 33157.887 33157.887 43.09918831679473 43.09918831679473 43.09918831679473 2758.3480522748628 2758.3480522748628 2758.3480522748628
 95944 8192 33398.56 33398.56 33398.56 47.06629555286216 47.06629555286216 47.06629555286216 3012.242915383178 3012.242915383178 3012.242915383178
 105536 8192 33329.792 33329.792 33329.792 51.87856629888359 51.87856629888359 51.87856629888359 3320.22824312855 3320.22824312855 3320.22824312855
 116088 8192 36091.873 36091.873 36091.873 52.69845075649025 52.69845075649025 52.69845075649025 3372.700848415376 3372.700848415376 3372.700848415376
 127696 8192 36203.102 36203.102 36203.102 57.78983425232457 57.78983425232457 57.78983425232457 3698.5493921487723 3698.5493921487723 3698.5493921487723
 140464 4096 18179.808 18179.808 18179.808 63.294457675240565 63.294457675240565 63.294457675240565 4050.845291215396 4050.845291215396 4050.845291215396
 154504 4096 20871.744 20871.744 20871.744 60.64163914620647 60.64163914620647 60.64163914620647 3881.0649053572142 3881.0649053572142 3881.0649053572142
 169952 4096 20924.255 20924.255 20924.255 66.53746018675454 66.53746018675454 66.53746018675454 4258.397451952291 4258.397451952291 4258.397451952291
 186944 4096 28698.689 28698.689 28698.689 53.36289919027312 53.36289919027312 53.36289919027312 3415.2255481774796 3415.2255481774796 3415.2255481774796
 205632 4096 34847.103 34847.103 34847.103 48.340814557812735 48.340814557812735 48.340814557812735 3093.812131700015 3093.812131700015 3093.812131700015
 226192 4096 35000.767 35000.767 35000.767 52.94069309966836 52.94069309966836 52.94069309966836 3388.204358378775 3388.204358378775 3388.204358378775
 248808 4096 39670.078 39670.078 39670.078 51.379660408028435 51.379660408028435 51.379660408028435 3288.29826611382 3288.29826611382 3288.29826611382
 273688 2048 21880.64 21880.64 21880.64 51.23369554089826 51.23369554089826 51.23369554089826 3278.9565146174887 3278.9565146174887 3278.9565146174887
 301056 2048 23945.663 23945.663 23945.663 51.496814934712816 51.496814934712816 51.496814934712816 3295.7961558216202 3295.7961558216202 3295.7961558216202
 331160 2048 26060.097 26060.097 26060.097 52.050127058237734 52.050127058237734 52.050127058237734 3331.208131727215 3331.208131727215 3331.208131727215
 364272 2048 28303.936 28303.936 28303.936 52.715569735601434 52.715569735601434 52.715569735601434 3373.796463078492 3373.796463078492 3373.796463078492
 400696 2048 30269.535 30269.535 30269.535 54.22121007144642 54.22121007144642 54.22121007144642 3470.157444572571 3470.157444572571 3470.157444572571
 440760 2048 34465.279 34465.279 34465.279 52.38178864009776 52.38178864009776 52.38178864009776 3352.4344729662566 3352.4344729662566 3352.4344729662566
 484832 2048 36526.272 36526.272 36526.272 54.36831527728863 54.36831527728863 54.36831527728863 3479.5721777464723 3479.5721777464723 3479.5721777464723
 533312 1024 20324.064 20324.064 20324.064 53.74038263213499 53.74038263213499 53.74038263213499 3439.3844884566392 3439.3844884566392 3439.3844884566392
 586640 1024 22420.609 22420.609 22420.609 53.58635530372971 53.58635530372971 53.58635530372971 3429.5267394387015 3429.5267394387015 3429.5267394387015
 645304 1024 24579.807 24579.807 24579.807 53.767004435795606 53.767004435795606 53.767004435795606 3441.088283890919 3441.088283890919 3441.088283890919
 709832 1024 26703.457 26703.457 26703.457 54.43999014809206 54.43999014809206 54.43999014809206 3484.1593694778917 3484.1593694778917 3484.1593694778917
 780808 1024 29851.551 29851.551 29851.551 53.56823114484068 53.56823114484068 53.56823114484068 3428.3667932698036 3428.3667932698036 3428.3667932698036
 858888 1024 31892.256 31892.256 31892.256 55.15453732718062 55.15453732718062 55.15453732718062 3529.8903889395597 3529.8903889395597 3529.8903889395597
 944776 1024 37368.286 37368.286 37368.286 51.77923461621975 51.77923461621975 51.77923461621975 3313.871015438064 3313.871015438064 3313.871015438064
 1039248 1024 38104.446 38104.446 38104.446 55.85647155190237 55.85647155190237 55.85647155190237 3574.8141793217515 3574.8141793217515 3574.8141793217515
 1143168 512 21196.096 21196.096 21196.096 55.22734148779095 55.22734148779095 55.22734148779095 3534.549855218621 3534.549855218621 3534.549855218621
 1257480 512 24394.655 24394.655 24394.655 52.784493980341196 52.784493980341196 52.784493980341196 3378.2076147418366 3378.2076147418366 3378.2076147418366
 1383224 512 27573.215 27573.215 27573.215 51.36946765184981 51.36946765184981 51.36946765184981 3287.645929718388 3287.645929718388 3287.645929718388
 1521544 512 29136.448 29136.448 29136.448 53.47463959917146 53.47463959917146 53.47463959917146 3422.3769343469735 3422.3769343469735 3422.3769343469735
 1673696 512 32864.063 32864.063 32864.063 52.150116192267525 52.150116192267525 52.150116192267525 3337.6074363051216 3337.6074363051216 3337.6074363051216
 1841064 512 35794.304 35794.304 35794.304 52.66898152287023 52.66898152287023 52.66898152287023 3370.814817463695 3370.814817463695 3370.814817463695
 2025168 512 38068.607 38068.607 38068.607 54.47459719237953 54.47459719237953 54.47459719237953 3486.3742203122897 3486.3742203122897 3486.3742203122897
 2227680 256 21448.256 21448.256 21448.256 53.17785091710953 53.17785091710953 53.17785091710953 3403.38245869501 3403.38245869501 3403.38245869501
 2450448 256 23547.745 23547.745 23547.745 53.28023451927138 53.28023451927138 53.28023451927138 3409.9350092333684 3409.9350092333684 3409.9350092333684
 2695488 256 26469.376 26469.376 26469.376 52.13911563309993 52.13911563309993 52.13911563309993 3336.9034005183953 3336.9034005183953 3336.9034005183953
 2965032 256 28545.055 28545.055 28545.055 53.18246484373563 53.18246484373563 53.18246484373563 3403.6777499990803 3403.6777499990803 3403.6777499990803
 3261528 256 35480.32 35480.32 35480.32 47.065593996897434 47.065593996897434 47.065593996897434 3012.1980158014358 3012.1980158014358 3012.1980158014358
 3587680 256 34214.336 34214.336 34214.336 53.68779215823449 53.68779215823449 53.68779215823449 3436.018698127007 3436.018698127007 3436.018698127007
 3946448 256 39690.174 39690.174 39690.174 50.90885658500766 50.90885658500766 50.90885658500766 3258.1668214404904 3258.1668214404904 3258.1668214404904
 4341088 128 21309.631 21309.631 21309.631 52.15099820358221 52.15099820358221 52.15099820358221 3337.6638850292616 3337.6638850292616 3337.6638850292616
 4775192 128 23669.249 23669.249 23669.249 51.647145712143214 51.647145712143214 51.647145712143214 3305.4173255771657 3305.4173255771657 3305.4173255771657
 5252704 128 25913.952 25913.952 25913.952 51.890665846722264 51.890665846722264 51.890665846722264 3321.002614190225 3321.002614190225 3321.002614190225
 5777968 128 27843.744 27843.744 27843.744 53.12359602214414 53.12359602214414 53.12359602214414 3399.910145417225 3399.910145417225 3399.910145417225
 6355760 128 29432.705 29432.705 29432.705 55.28117650076675 55.28117650076675 55.28117650076675 3537.995296049072 3537.995296049072 3537.995296049072
 6991336 128 33689.407 33689.407 33689.407 53.12595784188188 53.12595784188188 53.12595784188188 3400.06130188044 3400.06130188044 3400.06130188044
 7690464 128 37137.505 37137.505 37137.505 53.01268310835637 53.01268310835637 53.01268310835637 3392.8117189348077 3392.8117189348077 3392.8117189348077
 8459504 64 20368.481 20368.481 20368.481 53.16137771883922 53.16137771883922 53.16137771883922 3402.32817400571 3402.32817400571 3402.32817400571
 9305448 64 22018.335 22018.335 22018.335 54.09570451171716 54.09570451171716 54.09570451171716 3462.125088749898 3462.125088749898 3462.125088749898
 10235992 64 24618.528 24618.528 24618.528 53.2203621597522 53.2203621597522 53.2203621597522 3406.1031782241407 3406.1031782241407 3406.1031782241407
 11259584 64 30855.2 30855.2 30855.2 46.70936347844123 46.70936347844123 46.70936347844123 2989.399262620239 2989.399262620239 2989.399262620239
 12385536 64 29875.809 29875.809 29875.809 53.064625229060745 53.064625229060745 53.064625229060745 3396.1360146598877 3396.1360146598877 3396.1360146598877
 13624088 64 31623.615 31623.615 31623.615 55.144968846857005 55.144968846857005 55.144968846857005 3529.2780061988483 3529.2780061988483 3529.2780061988483
 14986496 64 43413.025 43413.025 43413.025 44.18654281750696 44.18654281750696 44.18654281750696 2827.9387403204455 2827.9387403204455 2827.9387403204455
 16485144 64 39000.416 39000.416 39000.416 54.10451088521723 54.10451088521723 54.10451088521723 3462.6886966539028 3462.6886966539028 3462.6886966539028
 18133656 32 21056.416 21056.416 21056.416 55.116406514764904 55.116406514764904 55.116406514764904 3527.450016944954 3527.450016944954 3527.450016944954
 19947016 32 24108.801 24108.801 24108.801 52.95199143250633 52.95199143250633 52.95199143250633 3388.9274516804053 3388.9274516804053 3388.9274516804053
 21941712 32 25957.632 25957.632 25957.632 54.09852362495931 54.09852362495931 54.09852362495931 3462.305511997396 3462.305511997396 3462.305511997396
 24135880 32 29771.521 29771.521 29771.521 51.885032007602156 51.885032007602156 51.885032007602156 3320.642048486538 3320.642048486538 3320.642048486538
 26549464 32 31436.129 31436.129 31436.129 54.05136542097788 54.05136542097788 54.05136542097788 3459.2873869425844 3459.2873869425844 3459.2873869425844
 29204408 32 35311.394 35311.394 35311.394 52.93141675460334 52.93141675460334 52.93141675460334 3387.610672294614 3387.610672294614 3387.610672294614
 32124848 32 38808.96 38808.96 38808.96 52.9772060884909 52.9772060884909 52.9772060884909 3390.5411896634178 3390.5411896634178 3390.5411896634178
 35337328 16 26747.2 26747.2 26747.2 42.277116707543215 42.277116707543215 42.277116707543215 2705.7354692827657 2705.7354692827657 2705.7354692827657
 38871056 16 29257.248 29257.248 29257.248 42.5150647114862 42.5150647114862 42.5150647114862 2720.9641415351166 2720.9641415351166 2720.9641415351166
 42758160 16 31132.799 31132.799 31132.799 43.94918426704904 43.94918426704904 43.94918426704904 2812.7477930911386 2812.7477930911386 2812.7477930911386
 47033976 16 28445.312 28445.312 28445.312 52.911609195919524 52.911609195919524 52.911609195919524 3386.3429885388496 3386.3429885388496 3386.3429885388496
 51737368 16 32551.266 32551.266 32551.266 50.86117928562287 50.86117928562287 50.86117928562287 3255.1154742798635 3255.1154742798635 3255.1154742798635
 56911104 16 33695.168 33695.168 33695.168 54.04796699633609 54.04796699633609 54.04796699633609 3459.06988776551 3459.06988776551 3459.06988776551
 62602208 16 37799.934 37799.934 37799.934 52.99667073492774 52.99667073492774 52.99667073492774 3391.7869270353754 3391.7869270353754 3391.7869270353754
 68862424 8 22093.311 22093.311 22093.311 49.87024280787973 49.87024280787973 49.87024280787973 3191.6955397043025 3191.6955397043025 3191.6955397043025
 75748664 8 23341.536 23341.536 23341.536 51.92368762706961 51.92368762706961 51.92368762706961 3323.116008132455 3323.116008132455 3323.116008132455
 83323528 8 25693.504 25693.504 25693.504 51.88768522969852 51.88768522969852 51.88768522969852 3320.811854700705 3320.811854700705 3320.811854700705
 91655880 8 27716.608 27716.608 27716.608 52.91030128939298 52.91030128939298 52.91030128939298 3386.259282521151 3386.259282521151 3386.259282521151
 100821464 8 33005.505 33005.505 33005.505 48.874980825168414 48.874980825168414 48.874980825168414 3127.9987728107785 3127.9987728107785 3127.9987728107785
 110903608 8 32831.295 32831.295 32831.295 54.0477531574676 54.0477531574676 54.0477531574676 3459.056202077926 3459.056202077926 3459.056202077926
 121993968 8 36142.719 36142.719 36142.719 54.005441261903954 54.005441261903954 54.005441261903954 3456.348240761853 3456.348240761853 3456.348240761853
 134193360 8 40557.087 40557.087 40557.087 52.940038814917855 52.940038814917855 52.940038814917855 3388.1624841547427 3388.1624841547427 3388.1624841547427
 147612696 4 21414.783 21414.783 21414.783 55.14422294169406 55.14422294169406 55.14422294169406 3529.23026826842 3529.23026826842 3529.23026826842
 162373960 4 23551.041 23551.041 23551.041 55.15644425229441 55.15644425229441 55.15644425229441 3530.0124321468425 3530.0124321468425 3530.0124321468425
 178611352 4 25900.801 25900.801 25900.801 55.16782341982396 55.16782341982396 55.16782341982396 3530.7406988687335 3530.7406988687335 3530.7406988687335
 196472480 4 29101.343 29101.343 29101.343 54.010560268644646 54.010560268644646 54.010560268644646 3456.6758571932573 3456.6758571932573 3456.6758571932573
 216119728 4 33328.064 33328.064 33328.064 51.87693542595214 51.87693542595214 51.87693542595214 3320.123867260937 3320.123867260937 3320.123867260937
 237731696 4 35196.831 35196.831 35196.831 54.03479557577215 54.03479557577215 54.03479557577215 3458.2269168494176 3458.2269168494176 3458.2269168494176
 261504864 4 40356.224 40356.224 40356.224 51.83931261755311 51.83931261755311 51.83931261755311 3317.716007523399 3317.716007523399 3317.716007523399
 287655344 2 21293.633 21293.633 21293.633 54.035935342738355 54.035935342738355 54.035935342738355 3458.2998619352547 3458.2998619352547 3458.2998619352547
 316420872 2 23415.457 23415.457 23415.457 54.0533327194938 54.0533327194938 54.0533327194938 3459.4132940476034 3459.4132940476034 3459.4132940476034
 348062952 2 25771.904 25771.904 25771.904 54.02207799625515 54.02207799625515 54.02207799625515 3457.4129917603295 3457.4129917603295 3457.4129917603295
 382869240 2 28351.521 28351.521 28351.521 54.01745324351381 54.01745324351381 54.01745324351381 3457.117007584884 3457.117007584884 3457.117007584884
 421156160 2 31199.68 31199.68 31199.68 53.99493328136699 53.99493328136699 53.99493328136699 3455.6757300074873 3455.6757300074873 3455.6757300074873
 463271776 2 35727.455 35727.455 35727.455 51.867313358872046 51.867313358872046 51.867313358872046 3319.508054967811 3319.508054967811 3319.508054967811
 509598952 2 37715.969 37715.969 37715.969 54.04596148649927 54.04596148649927 54.04596148649927 3458.9415351359535 3458.9415351359535 3458.9415351359535
 560558840 1 21626.593 21626.593 21626.593 51.83977337530697 51.83977337530697 51.83977337530697 3317.745496019646 3317.745496019646 3317.745496019646
 616614720 1 23805.056 23805.056 23805.056 51.80535765175263 51.80535765175263 51.80535765175263 3315.5428897121683 3315.5428897121683 3315.5428897121683
 678276192 1 25121.729 25121.729 25121.729 53.99916478678677 53.99916478678677 53.99916478678677 3455.9465463543534 3455.9465463543534 3455.9465463543534
 746103808 1 28777.536 28777.536 28777.536 51.85320994820405 51.85320994820405 51.85320994820405 3318.605436685059 3318.605436685059 3318.605436685059
 820714184 1 30374.945 30374.945 30374.945 54.03889185642969 54.03889185642969 54.03889185642969 3458.4890788115003 3458.4890788115003 3458.4890788115003
 902785600 1 32746.784 32746.784 32746.784 55.137359442686034 55.137359442686034 55.137359442686034 3528.791004331906 3528.791004331906 3528.791004331906
 993064160 1 38320.48 38320.48 38320.48 51.829421760896516 51.829421760896516 51.829421760896516 3317.082992697377 3317.082992697377 3317.082992697377
 
META_DATA
 FLOPS          1024
 GPU_BLOCKS     2560
 GPU_THREADS    64
 ERT_VERSION  1.1.0
 HOSTNAME  ('kp361.kingspeak.peaks', ['kp361'], ['10.242.2.107'])
 UNAME  uname_result(system='Linux', node='kp361', release='3.10.0-957.27.2.el7.x86_64', version='#1 SMP Mon Jul 29 17:46:05 UTC 2019', machine='x86_64', processor='x86_64')
 TIMESTAMP_DATA  1617137563.6617634
 CONFIG  {'ERT_RESULTS': ['Results/Results.kingspeak-p100-gpu.01'], 'ERT_DRIVER': ['driver1'], 'ERT_KERNEL': ['kernel1'], 'ERT_GPU': ['True'], 'ERT_GPU_CFLAGS': ['-x', 'cu', '-arch=sm_60'], 'ERT_GPU_LDFLAGS': [], 'ERT_FLOPS': ['1,64,256,512,1024'], 'ERT_ALIGN': ['32'], 'ERT_CC': ['nvcc'], 'ERT_CFLAGS': ['-O3', '-std=c++11'], 'ERT_LD': ['nvcc'], 'ERT_LDFLAGS': [], 'ERT_LDLIBS': [], 'ERT_RUN': ['srun', '-n', '1', './ERT_CODE'], 'ERT_PRECISION': ['FP64'], 'ERT_BLOCKS_THREADS': ['163840'], 'ERT_GPU_BLOCKS': ['160,320,640,1280,2560'], 'ERT_GPU_THREADS': ['1024,512,256,128,64'], 'ERT_NUM_EXPERIMENTS': ['1'], 'ERT_MEMORY_MAX': ['1073741824'], 'ERT_WORKING_SET_MIN': ['128'], 'ERT_TRIALS_MIN': ['1'], 'ERT_GNUPLOT': ['gnuplot'], 'ERT_MPI': [False], 'ERT_OPENMP': [False], 'ERT_HIP': [False], 'ERT_OCL': [False], 'ERT_SYCL': [False], 'ERT_WSS_MULT': [1.1]}
 