fp64
 1024 1048576 1534515.015 1534515.015 1534515.015 1.3994543077181947 1.3994543077181947 1.3994543077181947 22.391268923491115 22.391268923491115 22.391268923491115
 1120 524288 777699.097 777699.097 777699.097 1.5101022034490033 1.5101022034490033 1.5101022034490033 24.161635255184052 24.161635255184052 24.161635255184052
 1232 524288 779785.4 779785.4 779785.4 1.6566681448511344 1.6566681448511344 1.6566681448511344 26.50669031761815 26.50669031761815 26.50669031761815
 1352 524288 822078.003 822078.003 822078.003 1.7245015032959103 1.7245015032959103 1.7245015032959103 27.592024052734565 27.592024052734565 27.592024052734565
 1480 524288 780670.837 780670.837 780670.837 1.9878960586816437 1.9878960586816437 1.9878960586816437 31.8063369389063 31.8063369389063 31.8063369389063
 1624 524288 791619.507 791619.507 791619.507 2.151143837338511 2.151143837338511 2.151143837338511 34.41830139741617 34.41830139741617 34.41830139741617
 1784 524288 792930.054 792930.054 792930.054 2.3591735167097094 2.3591735167097094 2.3591735167097094 37.74677626735535 37.74677626735535 37.74677626735535
 1960 524288 834515.686 834515.686 834515.686 2.462756535890926 2.462756535890926 2.462756535890926 39.404104574254816 39.404104574254816 39.404104574254816
 2152 262144 409345.978 409345.978 409345.978 2.756269358044114 2.756269358044114 2.756269358044114 44.100309728705824 44.100309728705824 44.100309728705824
 2360 262144 410290.375 410290.375 410290.375 3.0157170516125316 3.0157170516125316 3.0157170516125316 48.251472825800505 48.251472825800505 48.251472825800505
 2592 262144 433677.673 433677.673 433677.673 3.1335588170802606 3.1335588170802606 3.1335588170802606 50.13694107328417 50.13694107328417 50.13694107328417
 2848 262144 455105.927 455105.927 455105.927 3.2809333726827075 3.2809333726827075 3.2809333726827075 52.49493396292332 52.49493396292332 52.49493396292332
 3128 262144 521656.311 521656.311 521656.311 3.1437803577152543 3.1437803577152543 3.1437803577152543 50.30048572344407 50.30048572344407 50.30048572344407
 3440 262144 508348.511 508348.511 508348.511 3.5478626984706563 3.5478626984706563 3.5478626984706563 56.7658031755305 56.7658031755305 56.7658031755305
 3784 262144 642044.495 642044.495 642044.495 3.0899817807798504 3.0899817807798504 3.0899817807798504 49.43970849247761 49.43970849247761 49.43970849247761
 4160 131072 318902.71 318902.71 318902.71 3.419597908089272 3.419597908089272 3.419597908089272 54.713566529428356 54.713566529428356 54.713566529428356
 4576 131072 318842.682 318842.682 318842.682 3.7622658813288994 3.7622658813288994 3.7622658813288994 60.19625410126239 60.19625410126239 60.19625410126239
 5032 131072 318752.777 318752.777 318752.777 4.138343892765521 4.138343892765521 4.138343892765521 66.21350228424834 66.21350228424834 66.21350228424834
 5528 131072 329369.049 329369.049 329369.049 4.399721335079059 4.399721335079059 4.399721335079059 70.39554136126495 70.39554136126495 70.39554136126495
 6080 131072 329357.819 329357.819 329357.819 4.839221746243104 4.839221746243104 4.839221746243104 77.42754793988966 77.42754793988966 77.42754793988966
 6688 131072 318796.051 318796.051 318796.051 5.499500594503915 5.499500594503915 5.499500594503915 87.99200951206264 87.99200951206264 87.99200951206264
 7352 131072 329247.467 329247.467 329247.467 5.85359913490238 5.85359913490238 5.85359913490238 93.65758615843808 93.65758615843808 93.65758615843808
 8080 131072 328884.369 328884.369 328884.369 6.440328941263852 6.440328941263852 6.440328941263852 103.04526306022163 103.04526306022163 103.04526306022163
 8888 65536 164585.19 164585.19 164585.19 7.078206344082357 7.078206344082357 7.078206344082357 113.25130150531771 113.25130150531771 113.25130150531771
 9776 65536 164651.001 164651.001 164651.001 7.78227805611701 7.78227805611701 7.78227805611701 124.51644889787217 124.51644889787217 124.51644889787217
 10752 65536 164399.46 164399.46 164399.46 8.572328303268149 8.572328303268149 8.572328303268149 137.15725285229038 137.15725285229038 137.15725285229038
 11824 65536 164684.479 164684.479 164684.479 9.410694543958815 9.410694543958815 9.410694543958815 150.57111270334104 150.57111270334104 150.57111270334104
 13000 65536 159458.755 159458.755 159458.755 10.685747546442338 10.685747546442338 10.685747546442338 170.9719607430774 170.9719607430774 170.9719607430774
 14296 65536 164641.922 164641.922 164641.922 11.381094737220087 11.381094737220087 11.381094737220087 182.0975157955214 182.0975157955214 182.0975157955214
 15720 65536 164414.917 164414.917 164414.917 12.532024937858893 12.532024937858893 12.532024937858893 200.51239900574228 200.51239900574228 200.51239900574228
 17288 32768 82355.293 82355.293 82355.293 13.757298732456698 13.757298732456698 13.757298732456698 220.11677971930717 220.11677971930717 220.11677971930717
 19016 32768 82042.915 82042.915 82042.915 15.190008497382133 15.190008497382133 15.190008497382133 243.04013595811412 243.04013595811412 243.04013595811412
 20912 32768 82346.275 82346.275 82346.275 16.64299729404882 16.64299729404882 16.64299729404882 266.2879567047811 266.2879567047811 266.2879567047811
 23000 32768 82327.133 82327.133 82327.133 18.30900633938024 18.30900633938024 18.30900633938024 292.94410143008383 292.94410143008383 292.94410143008383
 25296 32768 82319.588 82319.588 82319.588 20.138568429181156 20.138568429181156 20.138568429181156 322.2170948668985 322.2170948668985 322.2170948668985
 27824 32768 82405.373 82405.373 82405.373 22.12809186604859 22.12809186604859 22.12809186604859 354.0494698567774 354.0494698567774 354.0494698567774
 30600 32768 82342.209 82342.209 82342.209 24.354479001164517 24.354479001164517 24.354479001164517 389.67166401863227 389.67166401863227 389.67166401863227
 33656 16384 41176.575 41176.575 41176.575 26.783184565496278 26.783184565496278 26.783184565496278 428.53095304794044 428.53095304794044 428.53095304794044
 37016 16384 41201.118 41201.118 41201.118 29.43949938445845 29.43949938445845 29.43949938445845 471.0319901513352 471.0319901513352 471.0319901513352
 40712 16384 41167.934 41167.934 41167.934 32.40509509172843 32.40509509172843 32.40509509172843 518.4815214676548 518.4815214676548 518.4815214676548
 44776 16384 41359.745 41359.745 41359.745 35.47458931383643 35.47458931383643 35.47458931383643 567.5934290213829 567.5934290213829 567.5934290213829
 49248 16384 41066.368 41066.368 41066.368 39.29635228515948 39.29635228515948 39.29635228515948 628.7416365625517 628.7416365625517 628.7416365625517
 54168 16384 41152.386 41152.386 41152.386 43.13181315902315 43.13181315902315 43.13181315902315 690.1090105443704 690.1090105443704 690.1090105443704
 59584 16384 41207.199 41207.199 41207.199 47.38124792223805 47.38124792223805 47.38124792223805 758.0999667558089 758.0999667558089 758.0999667558089
 65536 16384 41174.686 41174.686 41174.686 52.155434725112414 52.155434725112414 52.155434725112414 834.4869556017986 834.4869556017986 834.4869556017986
 72088 8192 19975.712 19975.712 19975.712 59.126292569696645 59.126292569696645 59.126292569696645 946.0206811151463 946.0206811151463 946.0206811151463
 79296 8192 20602.848 20602.848 20602.848 63.058547245507015 63.058547245507015 63.058547245507015 1008.9367559281122 1008.9367559281122 1008.9367559281122
 87224 8192 20635.521 20635.521 20635.521 69.25330433866922 69.25330433866922 69.25330433866922 1108.0528694187076 1108.0528694187076 1108.0528694187076
 95944 8192 20659.904 20659.904 20659.904 76.08682479841146 76.08682479841146 76.08682479841146 1217.3891967745833 1217.3891967745833 1217.3891967745833
 105536 8192 20684.032 20684.032 20684.032 83.59597509808533 83.59597509808533 83.59597509808533 1337.5356015693653 1337.5356015693653 1337.5356015693653
 116088 8192 20645.504 20645.504 20645.504 92.12590750993533 92.12590750993533 92.12590750993533 1474.0145201589653 1474.0145201589653 1474.0145201589653
 127696 8192 20626.56 20626.56 20626.56 101.43093487231995 101.43093487231995 101.43093487231995 1622.8949579571192 1622.8949579571192 1622.8949579571192
 140464 4096 10018.08 10018.08 10018.08 114.86044112245061 114.86044112245061 114.86044112245061 1837.7670579592098 1837.7670579592098 1837.7670579592098
 154504 4096 10016.736 10016.736 10016.736 126.35820371027049 126.35820371027049 126.35820371027049 2021.7312593643278 2021.7312593643278 2021.7312593643278
 169952 4096 10000.128 10000.128 10000.128 139.22289634692675 139.22289634692675 139.22289634692675 2227.566341550828 2227.566341550828 2227.566341550828
 186944 4096 10024.128 10024.128 10024.128 152.77590709136993 152.77590709136993 152.77590709136993 2444.414513461919 2444.414513461919 2444.414513461919
 205632 4096 10010.24 10010.24 10010.24 168.2814142318266 168.2814142318266 168.2814142318266 2692.5026277092256 2692.5026277092256 2692.5026277092256
 226192 4096 10026.336 10026.336 10026.336 184.80977138607767 184.80977138607767 184.80977138607767 2956.9563421772427 2956.9563421772427 2956.9563421772427
 248808 4096 18289.856 18289.856 18289.856 111.44074267178483 111.44074267178483 111.44074267178483 1783.0518827485573 1783.0518827485573 1783.0518827485573
 273688 2048 9168.064 9168.064 9168.064 122.27511151754614 122.27511151754614 122.27511151754614 1956.4017842807382 1956.4017842807382 1956.4017842807382
 301056 2048 9270.944 9270.944 9270.944 133.00968876524334 133.00968876524334 133.00968876524334 2128.1550202438934 2128.1550202438934 2128.1550202438934
 331160 2048 9300.224 9300.224 9300.224 145.84932147870848 145.84932147870848 145.84932147870848 2333.5891436593356 2333.5891436593356 2333.5891436593356
 364272 2048 10300.512 10300.512 10300.512 144.85281042340418 144.85281042340418 144.85281042340418 2317.644966774467 2317.644966774467 2317.644966774467
 400696 2048 10288.256 10288.256 10288.256 159.52663075257848 159.52663075257848 159.52663075257848 2552.4260920412557 2552.4260920412557 2552.4260920412557
 440760 2048 10286.752 10286.752 10286.752 175.5027203922093 175.5027203922093 175.5027203922093 2808.043526275349 2808.043526275349 2808.043526275349
 484832 2048 15226.368 15226.368 15226.368 130.42321530649988 130.42321530649988 130.42321530649988 2086.771444903998 2086.771444903998 2086.771444903998
 533312 1024 7275.936 7275.936 7275.936 150.11442871405137 150.11442871405137 150.11442871405137 2401.830859424822 2401.830859424822 2401.830859424822
 586640 1024 7269.664 7269.664 7269.664 165.26743464347186 165.26743464347186 165.26743464347186 2644.2789542955497 2644.2789542955497 2644.2789542955497
 645304 1024 7339.616 7339.616 7339.616 180.0615443641738 180.0615443641738 180.0615443641738 2880.984709826781 2880.984709826781 2880.984709826781
 709832 1024 9443.456 9443.456 9443.456 153.94109275248385 153.94109275248385 153.94109275248385 2463.0574840397417 2463.0574840397417 2463.0574840397417
 780808 1024 9445.056 9445.056 9445.056 169.30495531207015 169.30495531207015 169.30495531207015 2708.8792849931224 2708.8792849931224 2708.8792849931224
 858888 1024 9445.088 9445.088 9445.088 186.23464641091752 186.23464641091752 186.23464641091752 2979.7543425746803 2979.7543425746803 2979.7543425746803
 944776 1024 16383.553 16383.553 16383.553 118.10022209468241 118.10022209468241 118.10022209468241 1889.6035535149185 1889.6035535149185 1889.6035535149185
 1039248 1024 16385.12 16385.12 16385.12 129.89712031404105 129.89712031404105 129.89712031404105 2078.3539250246567 2078.3539250246567 2078.3539250246567
 1143168 512 8205.28 8205.28 8205.28 142.6647271025486 142.6647271025486 142.6647271025486 2282.6356336407775 2282.6356336407775 2282.6356336407775
 1257480 512 8205.504 8205.504 8205.504 156.9263167746917 156.9263167746917 156.9263167746917 2510.8210683950674 2510.8210683950674 2510.8210683950674
 1383224 512 8277.728 8277.728 8277.728 171.11233613861194 171.11233613861194 171.11233613861194 2737.797378217791 2737.797378217791 2737.797378217791
 1521544 512 8765.888 8765.888 8765.888 177.74138296085917 177.74138296085917 177.74138296085917 2843.8621273737467 2843.8621273737467 2843.8621273737467
 1673696 512 9348.032 9348.032 9348.032 183.33962742104436 183.33962742104436 183.33962742104436 2933.4340387367097 2933.4340387367097 2933.4340387367097
 1841064 512 11059.264 11059.264 11059.264 170.46790238482416 170.46790238482416 170.46790238482416 2727.4864381571865 2727.4864381571865 2727.4864381571865
 2025168 512 12185.6 12185.6 12185.6 170.18218487394958 170.18218487394958 170.18218487394958 2722.9149579831933 2722.9149579831933 2722.9149579831933
 2227680 256 6383.584 6383.584 6383.584 178.67269546386484 178.67269546386484 178.67269546386484 2858.7631274218375 2858.7631274218375 2858.7631274218375
 2450448 256 8128.64 8128.64 8128.64 154.3467758444217 154.3467758444217 154.3467758444217 2469.548413510747 2469.548413510747 2469.548413510747
 2695488 256 8125.44 8125.44 8125.44 169.84801512287333 169.84801512287333 169.84801512287333 2717.5682419659734 2717.5682419659734 2717.5682419659734
 2965032 256 8691.04 8691.04 8691.04 174.67373110697912 174.67373110697912 174.67373110697912 2794.779697711666 2794.779697711666 2794.779697711666
 3261528 256 9828.96 9828.96 9828.96 169.89613712946235 169.89613712946235 169.89613712946235 2718.3381940713975 2718.3381940713975 2718.3381940713975
 3587680 256 12147.52 12147.52 12147.52 151.2154052843708 151.2154052843708 151.2154052843708 2419.446484549933 2419.446484549933 2419.446484549933
 3946448 256 12150.272 12150.272 12150.272 166.29927099574397 166.29927099574397 166.29927099574397 2660.7883359319035 2660.7883359319035 2660.7883359319035
 4341088 128 6651.712 6651.712 6651.712 167.07255635842318 167.07255635842318 167.07255635842318 2673.160901734771 2673.160901734771 2673.160901734771
 4775192 128 7219.776 7219.776 7219.776 169.31954010761552 169.31954010761552 169.31954010761552 2709.1126417218484 2709.1126417218484 2709.1126417218484
 5252704 128 8096.608 8096.608 8096.608 166.08093463336746 166.08093463336746 166.08093463336746 2657.2949541338794 2657.2949541338794 2657.2949541338794
 5777968 128 8658.112 8658.112 8658.112 170.8409186667948 170.8409186667948 170.8409186667948 2733.454698668717 2733.454698668717 2733.454698668717
 6355760 128 10106.464 10106.464 10106.464 160.99345527773116 160.99345527773116 160.99345527773116 2575.8952844436985 2575.8952844436985 2575.8952844436985
 6991336 128 10674.688 10674.688 10674.688 167.6659791836539 167.6659791836539 167.6659791836539 2682.655666938462 2682.655666938462 2682.655666938462
 7690464 128 12814.016 12814.016 12814.016 153.64104305785168 153.64104305785168 153.64104305785168 2458.256688925627 2458.256688925627 2458.256688925627
 8459504 64 6349.408 6349.408 6349.408 170.53818434726512 170.53818434726512 170.53818434726512 2728.610949556242 2728.610949556242 2728.610949556242
 9305448 64 7074.112 7074.112 7074.112 168.3741145178363 168.3741145178363 168.3741145178363 2693.9858322853806 2693.9858322853806 2693.9858322853806
 10235992 64 8076.416 8076.416 8076.416 162.22628651124458 162.22628651124458 162.22628651124458 2595.6205841799133 2595.6205841799133 2595.6205841799133
 11259584 64 8502.976 8502.976 8502.976 169.4967446691605 169.4967446691605 169.4967446691605 2711.947914706568 2711.947914706568 2711.947914706568
 12385536 64 9519.776 9519.776 9519.776 166.5321335291923 166.5321335291923 166.5321335291923 2664.5141364670767 2664.5141364670767 2664.5141364670767
 13624088 64 10759.808 10759.808 10759.808 162.07382733966998 162.07382733966998 162.07382733966998 2593.1812374347196 2593.1812374347196 2593.1812374347196
 14986496 64 11547.168 11547.168 11547.168 166.1248444640279 166.1248444640279 166.1248444640279 2657.997511424446 2657.997511424446 2657.997511424446
 16485144 64 12540.736 12540.736 12540.736 168.2595369203211 168.2595369203211 168.2595369203211 2692.1525907251375 2692.1525907251375 2692.1525907251375
 18133656 32 7073.472 7073.472 7073.472 164.0713335685785 164.0713335685785 164.0713335685785 2625.141337097256 2625.141337097256 2625.141337097256
 19947016 32 7720.384 7720.384 7720.384 165.35563826877006 165.35563826877006 165.35563826877006 2645.690212300321 2645.690212300321 2645.690212300321
 21941712 32 8588.16 8588.16 8588.16 163.51227364185112 163.51227364185112 163.51227364185112 2616.196378269618 2616.196378269618 2616.196378269618
 24135880 32 9310.976 9310.976 9310.976 165.90058013252315 165.90058013252315 165.90058013252315 2654.4092821203703 2654.4092821203703 2654.4092821203703
 26549464 32 10251.648 10251.648 10251.648 165.74561436366136 165.74561436366136 165.74561436366136 2651.9298298185818 2651.9298298185818 2651.9298298185818
 29204408 32 11252.448 11252.448 11252.448 166.10448784122354 166.10448784122354 166.10448784122354 2657.6718054595767 2657.6718054595767 2657.6718054595767
 32124848 32 12327.2 12327.2 12327.2 166.78485560386787 166.78485560386787 166.78485560386787 2668.557689661886 2668.557689661886 2668.557689661886
 35337328 16 6821.504 6821.504 6821.504 165.76908787270375 165.76908787270375 165.76908787270375 2652.30540596326 2652.30540596326 2652.30540596326
 38871056 16 7478.208 7478.208 7478.208 166.33313649473246 166.33313649473246 166.33313649473246 2661.3301839157193 2661.3301839157193 2661.3301839157193
 42758160 16 8224.96 8224.96 8224.96 166.3547445823445 166.3547445823445 166.3547445823445 2661.675913317512 2661.675913317512 2661.675913317512
 47033976 16 9088.288 9088.288 9088.288 165.60734342925753 165.60734342925753 165.60734342925753 2649.7174948681204 2649.7174948681204 2649.7174948681204
 51737368 16 9955.68 9955.68 9955.68 166.296604149591 166.296604149591 166.296604149591 2660.745666393456 2660.745666393456 2660.745666393456
 56911104 16 10962.336 10962.336 10962.336 166.12839891059716 166.12839891059716 166.12839891059716 2658.0543825695545 2658.0543825695545 2658.0543825695545
 62602208 16 12112.032 12112.032 12112.032 165.39509274744321 165.39509274744321 165.39509274744321 2646.3214839590914 2646.3214839590914 2646.3214839590914
 68862424 8 6643.456 6643.456 6643.456 165.8472313205657 165.8472313205657 165.8472313205657 2653.555701129051 2653.555701129051 2653.555701129051
 75748664 8 7783.2 7783.2 7783.2 155.71726590605405 155.71726590605405 155.71726590605405 2491.476254496865 2491.476254496865 2491.476254496865
 83323528 8 8037.664 8037.664 8037.664 165.86615812753556 165.86615812753556 165.86615812753556 2653.858530040569 2653.858530040569 2653.858530040569
 91655880 8 8853.12 8853.12 8853.12 165.64714812405117 165.64714812405117 165.64714812405117 2650.3543699848187 2650.3543699848187 2650.3543699848187
 100821464 8 9738.176 9738.176 9738.176 165.65149613233527 165.65149613233527 165.65149613233527 2650.4239381173643 2650.4239381173643 2650.4239381173643
 110903608 8 10695.616 10695.616 10695.616 165.90514543528863 165.90514543528863 165.90514543528863 2654.482326964618 2654.482326964618 2654.482326964618
 121993968 8 11785.92 11785.92 11785.92 165.61316282479433 165.61316282479433 165.61316282479433 2649.8106051967093 2649.8106051967093 2649.8106051967093
 134193360 8 13834.496 13834.496 13834.496 155.19855295053756 155.19855295053756 155.19855295053756 2483.176847208601 2483.176847208601 2483.176847208601
 147612696 4 7148.8 7148.8 7148.8 165.18878245299908 165.18878245299908 165.18878245299908 2643.0205192479852 2643.0205192479852 2643.0205192479852
 162373960 4 7861.408 7861.408 7861.408 165.2365174279213 165.2365174279213 165.2365174279213 2643.784278846741 2643.784278846741 2643.784278846741
 178611352 4 8637.28 8637.28 8637.28 165.43296222884982 165.43296222884982 165.43296222884982 2646.927395661597 2646.927395661597 2646.927395661597
 196472480 4 9516.608 9516.608 9516.608 165.16177192545916 165.16177192545916 165.16177192545916 2642.5883508073466 2642.5883508073466 2642.5883508073466
 216119728 4 11170.4 11170.4 11170.4 154.78029649788726 154.78029649788726 154.78029649788726 2476.484743966196 2476.484743966196 2476.484743966196
 237731696 4 11496.224 11496.224 11496.224 165.43289066044642 165.43289066044642 165.43289066044642 2646.9262505671427 2646.9262505671427 2646.9262505671427
 261504864 4 12644.48 12644.48 12644.48 165.45076681682443 165.45076681682443 165.45076681682443 2647.212269069191 2647.212269069191 2647.212269069191
 287655344 2 6963.232 6963.232 6963.232 165.24242995206822 165.24242995206822 165.24242995206822 2643.8788792330915 2643.8788792330915 2643.8788792330915
 316420872 2 7659.616 7659.616 7659.616 165.24111495928778 165.24111495928778 165.24111495928778 2643.8578393486046 2643.8578393486046 2643.8578393486046
 348062952 2 9000.096 9000.096 9000.096 154.69299527471708 154.69299527471708 154.69299527471708 2475.0879243954732 2475.0879243954732 2475.0879243954732
 382869240 2 9265.408 9265.408 9265.408 165.28974870831377 165.28974870831377 165.28974870831377 2644.6359793330203 2644.6359793330203 2644.6359793330203
 421156160 2 10193.632 10193.632 10193.632 165.262454049744 165.262454049744 165.262454049744 2644.199264795904 2644.199264795904 2644.199264795904
 463271776 2 11209.696 11209.696 11209.696 165.31109353902195 165.31109353902195 165.31109353902195 2644.9774966243513 2644.9774966243513 2644.9774966243513
 509598952 2 12326.592 12326.592 12326.592 165.3657237945411 165.3657237945411 165.3657237945411 2645.851580712658 2645.851580712658 2645.851580712658
 560558840 1 6802.08 6802.08 6802.08 164.81983158092817 164.81983158092817 164.81983158092817 2637.1173052948507 2637.1173052948507 2637.1173052948507
 616614720 1 7472.576 7472.576 7472.576 165.03404448479344 165.03404448479344 165.03404448479344 2640.544711756695 2640.544711756695 2640.544711756695
 678276192 1 8219.808 8219.808 8219.808 165.03455847143874 165.03455847143874 165.03455847143874 2640.55293554302 2640.55293554302 2640.55293554302
 746103808 1 9039.104 9039.104 9039.104 165.08357642527403 165.08357642527403 165.08357642527403 2641.3372228043845 2641.3372228043845 2641.3372228043845
 820714184 1 9049.984 9049.984 9049.984 181.3736209920371 181.3736209920371 181.3736209920371 2901.9779358725937 2901.9779358725937 2901.9779358725937
 902785600 1 9896.32 9896.32 9896.32 182.4487486257518 182.4487486257518 182.4487486257518 2919.1799780120286 2919.1799780120286 2919.1799780120286
 993064160 1 10890.624 10890.624 10890.624 182.37047941421906 182.37047941421906 182.37047941421906 2917.927670627505 2917.927670627505 2917.927670627505
 
META_DATA
 FLOPS          256
 GPU_BLOCKS     320
 GPU_THREADS    512
 ERT_VERSION  1.1.0
 HOSTNAME  ('kp361.kingspeak.peaks', ['kp361'], ['10.242.2.107'])
 UNAME  uname_result(system='Linux', node='kp361', release='3.10.0-957.27.2.el7.x86_64', version='#1 SMP Mon Jul 29 17:46:05 UTC 2019', machine='x86_64', processor='x86_64')
 TIMESTAMP_DATA  1617136534.7523594
 CONFIG  {'ERT_RESULTS': ['Results/Results.kingspeak-p100-gpu.01'], 'ERT_DRIVER': ['driver1'], 'ERT_KERNEL': ['kernel1'], 'ERT_GPU': ['True'], 'ERT_GPU_CFLAGS': ['-x', 'cu', '-arch=sm_60'], 'ERT_GPU_LDFLAGS': [], 'ERT_FLOPS': ['1,64,256,512,1024'], 'ERT_ALIGN': ['32'], 'ERT_CC': ['nvcc'], 'ERT_CFLAGS': ['-O3', '-std=c++11'], 'ERT_LD': ['nvcc'], 'ERT_LDFLAGS': [], 'ERT_LDLIBS': [], 'ERT_RUN': ['srun', '-n', '1', './ERT_CODE'], 'ERT_PRECISION': ['FP64'], 'ERT_BLOCKS_THREADS': ['163840'], 'ERT_GPU_BLOCKS': ['160,320,640,1280,2560'], 'ERT_GPU_THREADS': ['1024,512,256,128,64'], 'ERT_NUM_EXPERIMENTS': ['1'], 'ERT_MEMORY_MAX': ['1073741824'], 'ERT_WORKING_SET_MIN': ['128'], 'ERT_TRIALS_MIN': ['1'], 'ERT_GNUPLOT': ['gnuplot'], 'ERT_MPI': [False], 'ERT_OPENMP': [False], 'ERT_HIP': [False], 'ERT_OCL': [False], 'ERT_SYCL': [False], 'ERT_WSS_MULT': [1.1]}
 