fp64
 1024 1048576 4118818.848 4118818.848 4118818.848 0.5213833691770073 0.5213833691770073 0.5213833691770073 33.36853562732847 33.36853562732847 33.36853562732847
 1120 524288 2114850.83 2114850.83 2114850.83 0.5553134544245847 0.5553134544245847 0.5553134544245847 35.54006108317342 35.54006108317342 35.54006108317342
 1232 524288 2071072.021 2071072.021 2071072.021 0.6237569813609104 0.6237569813609104 0.6237569813609104 39.920446807098266 39.920446807098266 39.920446807098266
 1352 524288 2084877.441 2084877.441 2084877.441 0.679979899115806 0.679979899115806 0.679979899115806 43.518713543411586 43.518713543411586 43.518713543411586
 1480 524288 2089606.689 2089606.689 2089606.689 0.7426720483665143 0.7426720483665143 0.7426720483665143 47.53101109545692 47.53101109545692 47.53101109545692
 1624 524288 2154248.291 2154248.291 2154248.291 0.7904787164572944 0.7904787164572944 0.7904787164572944 50.59063785326684 50.59063785326684 50.59063785326684
 1784 524288 2116879.15 2116879.15 2116879.15 0.8836874717198665 0.8836874717198665 0.8836874717198665 56.555998190071456 56.555998190071456 56.555998190071456
 1960 524288 2193231.201 2193231.201 2193231.201 0.9370689962202485 0.9370689962202485 0.9370689962202485 59.972415758095906 59.972415758095906 59.972415758095906
 2152 262144 1076863.525 1076863.525 1076863.525 1.0477351584547356 1.0477351584547356 1.0477351584547356 67.05505014110308 67.05505014110308 67.05505014110308
 2360 262144 1097425.171 1097425.171 1097425.171 1.1274752144353721 1.1274752144353721 1.1274752144353721 72.15841372386382 72.15841372386382 72.15841372386382
 2592 262144 1087321.533 1087321.533 1087321.533 1.249818434341629 1.249818434341629 1.249818434341629 79.98837979786425 79.98837979786425 79.98837979786425
 2848 262144 1097996.582 1097996.582 1097996.582 1.3599060766475137 1.3599060766475137 1.3599060766475137 87.03398890544088 87.03398890544088 87.03398890544088
 3128 262144 1097910.034 1097910.034 1097910.034 1.4937224483003493 1.4937224483003493 1.4937224483003493 95.59823669122235 95.59823669122235 95.59823669122235
 3440 262144 1087273.926 1087273.926 1087273.926 1.6587822782020805 1.6587822782020805 1.6587822782020805 106.16206580493315 106.16206580493315 106.16206580493315
 3784 262144 1097882.568 1097882.568 1097882.568 1.8070291393860625 1.8070291393860625 1.8070291393860625 115.649864920708 115.649864920708 115.649864920708
 4160 131072 545766.479 545766.479 545766.479 1.9981422127612931 1.9981422127612931 1.9981422127612931 127.88110161672276 127.88110161672276 127.88110161672276
 4576 131072 548907.532 548907.532 548907.532 2.1853789100492795 2.1853789100492795 2.1853789100492795 139.8642502431539 139.8642502431539 139.8642502431539
 5032 131072 541051.086 541051.086 541051.086 2.438048166120861 2.438048166120861 2.438048166120861 156.0350826317351 156.0350826317351 156.0350826317351
 5528 131072 548980.469 548980.469 548980.469 2.6396786658725375 2.6396786658725375 2.6396786658725375 168.9394346158424 168.9394346158424 168.9394346158424
 6080 131072 545812.439 545812.439 545812.439 2.920115787247568 2.920115787247568 2.920115787247568 186.88741038384435 186.88741038384435 186.88741038384435
 6688 131072 545587.463 545587.463 545587.463 3.2134519044107877 3.2134519044107877 3.2134519044107877 205.6609218822904 205.6609218822904 205.6609218822904
 7352 131072 545751.404 545751.404 545751.404 3.5314296470412745 3.5314296470412745 3.5314296470412745 226.01149741064157 226.01149741064157 226.01149741064157
 8080 131072 549146.79 549146.79 549146.79 3.8571171835494114 3.8571171835494114 3.8571171835494114 246.85549974716233 246.85549974716233 246.85549974716233
 8888 65536 275356.476 275356.476 275356.476 4.230762802179383 4.230762802179383 4.230762802179383 270.7688193394805 270.7688193394805 270.7688193394805
 9776 65536 275473.755 275473.755 275473.755 4.651477132549342 4.651477132549342 4.651477132549342 297.6945364831579 297.6945364831579 297.6945364831579
 10752 65536 272937.958 272937.958 272937.958 5.163393740932142 5.163393740932142 5.163393740932142 330.4571994196571 330.4571994196571 330.4571994196571
 11824 65536 275505.768 275505.768 275505.768 5.625273616775966 5.625273616775966 5.625273616775966 360.01751147366184 360.01751147366184 360.01751147366184
 13000 65536 272888.458 272888.458 272888.458 6.2440750059132215 6.2440750059132215 6.2440750059132215 399.6208003784462 399.6208003784462 399.6208003784462
 14296 65536 274581.909 274581.909 274581.909 6.824212559466182 6.824212559466182 6.824212559466182 436.74960380583565 436.74960380583565 436.74960380583565
 15720 65536 274850.983 274850.983 274850.983 7.496614410871508 7.496614410871508 7.496614410871508 479.7833222957765 479.7833222957765 479.7833222957765
 17288 32768 136439.423 136439.423 136439.423 8.303951622545341 8.303951622545341 8.303951622545341 531.4529038429018 531.4529038429018 531.4529038429018
 19016 32768 136057.785 136057.785 136057.785 9.159583010997862 9.159583010997862 9.159583010997862 586.2133127038632 586.2133127038632 586.2133127038632
 20912 32768 136469.849 136469.849 136469.849 10.042429460004753 10.042429460004753 10.042429460004753 642.7154854403042 642.7154854403042 642.7154854403042
 23000 32768 136469.467 136469.467 136469.467 11.04516660858652 11.04516660858652 11.04516660858652 706.8906629495373 706.8906629495373 706.8906629495373
 25296 32768 136554.855 136554.855 136554.855 12.14016635292828 12.14016635292828 12.14016635292828 776.9706465874099 776.9706465874099 776.9706465874099
 27824 32768 137276.382 137276.382 137276.382 13.283229332194958 13.283229332194958 13.283229332194958 850.1266772604773 850.1266772604773 850.1266772604773
 30600 32768 136407.837 136407.837 136407.837 14.701513080952965 14.701513080952965 14.701513080952965 940.8968371809898 940.8968371809898 940.8968371809898
 33656 16384 68495.583 68495.583 68495.583 16.100889425234907 16.100889425234907 16.100889425234907 1030.456923215034 1030.456923215034 1030.456923215034
 37016 16384 68505.379 68505.379 68505.379 17.70576713399396 17.70576713399396 17.70576713399396 1133.1690965756134 1133.1690965756134 1133.1690965756134
 40712 16384 68639.9 68639.9 68639.9 19.43550057619548 19.43550057619548 19.43550057619548 1243.8720368765107 1243.8720368765107 1243.8720368765107
 44776 16384 68796.066 68796.066 68796.066 21.327091115936774 21.327091115936774 21.327091115936774 1364.9338314199535 1364.9338314199535 1364.9338314199535
 49248 16384 68771.805 68771.805 68771.805 23.46540801132092 23.46540801132092 23.46540801132092 1501.786112724539 1501.786112724539 1501.786112724539
 54168 16384 68634.56 68634.56 68634.56 25.8612719889222 25.8612719889222 25.8612719889222 1655.121407291021 1655.121407291021 1655.121407291021
 59584 16384 68733.055 68733.055 68733.055 28.406252450149353 28.406252450149353 28.406252450149353 1818.0001568095586 1818.0001568095586 1818.0001568095586
 65536 16384 68650.429 68650.429 68650.429 31.28143085602568 31.28143085602568 31.28143085602568 2002.0115747856435 2002.0115747856435 2002.0115747856435
 72088 8192 33914.242 33914.242 33914.242 34.82577590854014 34.82577590854014 34.82577590854014 2228.849658146569 2228.849658146569 2228.849658146569
 79296 8192 33954.334 33954.334 33954.334 38.26273441263786 38.26273441263786 38.26273441263786 2448.815002408823 2448.815002408823 2448.815002408823
 87224 8192 33725.697 33725.697 33725.697 42.373565059307744 42.373565059307744 42.373565059307744 2711.9081637956956 2711.9081637956956 2711.9081637956956
 95944 8192 33774.143 33774.143 33774.143 46.54289809811014 46.54289809811014 46.54289809811014 2978.745478279049 2978.745478279049 2978.745478279049
 105536 8192 33639.233 33639.233 33639.233 51.40134509012141 51.40134509012141 51.40134509012141 3289.6860857677702 3289.6860857677702 3289.6860857677702
 116088 8192 56502.815 56502.815 56502.815 33.66178821356068 33.66178821356068 33.66178821356068 2154.3544456678837 2154.3544456678837 2154.3544456678837
 127696 8192 69647.682 69647.682 69647.682 30.039352408024147 30.039352408024147 30.039352408024147 1922.5185541135454 1922.5185541135454 1922.5185541135454
 140464 4096 34978.687 34978.687 34978.687 32.89663468500118 32.89663468500118 32.89663468500118 2105.3846198400756 2105.3846198400756 2105.3846198400756
 154504 4096 35118.305 35118.305 35118.305 36.04094126980217 36.04094126980217 36.04094126980217 2306.6202412673388 2306.6202412673388 2306.6202412673388
 169952 4096 35092.194 35092.194 35092.194 39.67397376180013 39.67397376180013 39.67397376180013 2539.134320755208 2539.134320755208 2539.134320755208
 186944 4096 35236.225 35236.225 35236.225 43.46223944250555 43.46223944250555 43.46223944250555 2781.583324320355 2781.583324320355 2781.583324320355
 205632 4096 35290.752 35290.752 35290.752 47.733109909360955 47.733109909360955 47.733109909360955 3054.919034199101 3054.919034199101 3054.919034199101
 226192 4096 35089.76 35089.76 35089.76 52.80642740218229 52.80642740218229 52.80642740218229 3379.6113537396664 3379.6113537396664 3379.6113537396664
 248808 4096 51995.136 51995.136 51995.136 39.20049629257629 39.20049629257629 39.20049629257629 2508.8317627248825 2508.8317627248825 2508.8317627248825
 273688 2048 25913.536 25913.536 25913.536 43.26025008705875 43.26025008705875 43.26025008705875 2768.65600557176 2768.65600557176 2768.65600557176
 301056 2048 25976.608 25976.608 25976.608 47.47060801779816 47.47060801779816 47.47060801779816 3038.1189131390825 3038.1189131390825 3038.1189131390825
 331160 2048 25971.968 25971.968 25971.968 52.226745389490695 52.226745389490695 52.226745389490695 3342.5117049274045 3342.5117049274045 3342.5117049274045
 364272 2048 34291.584 34291.584 34291.584 43.510912531774565 43.510912531774565 43.510912531774565 2784.698402033572 2784.698402033572 2784.698402033572
 400696 2048 34283.52 34283.52 34283.52 47.872879330943846 47.872879330943846 47.872879330943846 3063.864277180406 3063.864277180406 3063.864277180406
 440760 2048 34298.367 34298.367 34298.367 52.63670308268613 52.63670308268613 52.63670308268613 3368.7489972919125 3368.7489972919125 3368.7489972919125
 484832 2048 42570.049 42570.049 42570.049 46.649508719146645 46.649508719146645 46.649508719146645 2985.5685580253853 2985.5685580253853 2985.5685580253853
 533312 1024 21286.88 21286.88 21286.88 51.309678825642834 51.309678825642834 51.309678825642834 3283.8194448411414 3283.8194448411414 3283.8194448411414
 586640 1024 25408.575 25408.575 25408.575 47.284773742722685 47.284773742722685 47.284773742722685 3026.225519534252 3026.225519534252 3026.225519534252
 645304 1024 25460.96 25460.96 25460.96 51.906235742878515 51.906235742878515 51.906235742878515 3321.999087544225 3321.999087544225 3321.999087544225
 709832 1024 29605.024 29605.024 29605.024 49.10436606975897 49.10436606975897 49.10436606975897 3142.679428464574 3142.679428464574 3142.679428464574
 780808 1024 29607.679 29607.679 29607.679 54.00946099152183 54.00946099152183 54.00946099152183 3456.605503457397 3456.605503457397 3456.605503457397
 858888 1024 33709.793 33709.793 33709.793 52.180760172570636 52.180760172570636 52.180760172570636 3339.5686510445207 3339.5686510445207 3339.5686510445207
 944776 1024 41775.425 41775.425 41775.425 46.31673401287958 46.31673401287958 46.31673401287958 2964.270976824293 2964.270976824293 2964.270976824293
 1039248 1024 41804.127 41804.127 41804.127 50.91315276120943 50.91315276120943 50.91315276120943 3258.4417767174036 3258.4417767174036 3258.4417767174036
 1143168 512 20958.912 20958.912 20958.912 55.852328212456825 55.852328212456825 55.852328212456825 3574.549005597237 3574.549005597237 3574.549005597237
 1257480 512 29345.407 29345.407 29345.407 43.8794227662271 43.8794227662271 43.8794227662271 2808.2830570385345 2808.2830570385345 2808.2830570385345
 1383224 512 30349.152 30349.152 30349.152 46.67087159469892 46.67087159469892 46.67087159469892 2986.935782060731 2986.935782060731 2986.935782060731
 1521544 512 29333.183 29333.183 29333.183 53.11599003763076 53.11599003763076 53.11599003763076 3399.4233624083686 3399.4233624083686 3399.4233624083686
 1673696 512 31368.799 31368.799 31368.799 54.635968179718965 54.635968179718965 54.635968179718965 3496.7019635020138 3496.7019635020138 3496.7019635020138
 1841064 512 35338.657 35338.657 35338.657 53.34808099809791 53.34808099809791 53.34808099809791 3414.2771838782664 3414.2771838782664 3414.2771838782664
 2025168 512 37602.718 37602.718 37602.718 55.14952488274916 55.14952488274916 55.14952488274916 3529.5695924959464 3529.5695924959464 3529.5695924959464
 2227680 256 23773.504 23773.504 23773.504 47.97661127278503 47.97661127278503 47.97661127278503 3070.503121458242 3070.503121458242 3070.503121458242
 2450448 256 25078.56 25078.56 25078.56 50.027967156008955 50.027967156008955 50.027967156008955 3201.789897984573 3201.789897984573 3201.789897984573
 2695488 256 29528.128 29528.128 29528.128 46.73814256020564 46.73814256020564 46.73814256020564 2991.241123853161 2991.241123853161 2991.241123853161
 2965032 256 28206.881 28206.881 28206.881 53.82007262695936 53.82007262695936 53.82007262695936 3444.484648125399 3444.484648125399 3444.484648125399
 3261528 256 31053.984 31053.984 31053.984 53.774173903097264 53.774173903097264 53.774173903097264 3441.547129798225 3441.547129798225 3441.547129798225
 3587680 256 39774.689 39774.689 39774.689 46.182439289468746 46.182439289468746 46.182439289468746 2955.6761145259998 2955.6761145259998 2955.6761145259998
 3946448 256 43893.311 43893.311 43893.311 46.03392475905952 46.03392475905952 46.03392475905952 2946.1711845798095 2946.1711845798095 2946.1711845798095
 4341088 128 20352.512 20352.512 20352.512 54.603506830016855 54.603506830016855 54.603506830016855 3494.6244371210787 3494.6244371210787 3494.6244371210787
 4775192 128 25609.377 25609.377 25609.377 47.734435398408955 47.734435398408955 47.734435398408955 3055.003865498173 3055.003865498173 3055.003865498173
 5252704 128 29268.831 29268.831 29268.831 45.94280598360762 45.94280598360762 45.94280598360762 2940.3395829508877 2940.3395829508877 2940.3395829508877
 5777968 128 29281.984 29281.984 29281.984 50.51433017653448 50.51433017653448 50.51433017653448 3232.9171312982066 3232.9171312982066 3232.9171312982066
 6355760 128 35010.88 35010.88 35010.88 46.4733979837125 46.4733979837125 46.4733979837125 2974.2974709576 2974.2974709576 2974.2974709576
 6991336 128 35540.607 35540.607 35540.607 50.35879145226754 50.35879145226754 50.35879145226754 3222.9626529451225 3222.9626529451225 3222.9626529451225
 7690464 128 42289.31 42289.31 42289.31 46.554526049254534 46.554526049254534 46.554526049254534 2979.48966715229 2979.48966715229 2979.48966715229
 8459504 64 20053.505 20053.505 20053.505 53.99637180632512 53.99637180632512 53.99637180632512 3455.767795604808 3455.767795604808 3455.767795604808
 9305448 64 25865.919 25865.919 25865.919 46.04890875905085 46.04890875905085 46.04890875905085 2947.1301605792546 2947.1301605792546 2947.1301605792546
 10235992 64 25069.792 25069.792 25069.792 52.262379201231504 52.262379201231504 52.262379201231504 3344.7922688788162 3344.7922688788162 3344.7922688788162
 11259584 64 31053.345 31053.345 31053.345 46.41132064838747 46.41132064838747 46.41132064838747 2970.3245214967983 2970.3245214967983 2970.3245214967983
 12385536 64 29513.536 29513.536 29513.536 53.715983337272775 53.715983337272775 53.715983337272775 3437.8229335854576 3437.8229335854576 3437.8229335854576
 13624088 64 35016.159 35016.159 35016.159 49.80224313009317 49.80224313009317 49.80224313009317 3187.3435603259627 3187.3435603259627 3187.3435603259627
 14986496 64 35784.065 35784.065 35784.065 53.60686350195261 53.60686350195261 53.60686350195261 3430.839264124967 3430.839264124967 3430.839264124967
 16485144 64 42215.393 42215.393 42215.393 49.984100159863495 49.984100159863495 49.984100159863495 3198.9824102312637 3198.9824102312637 3198.9824102312637
 18133656 32 24801.088 24801.088 24801.088 46.79447869383795 46.79447869383795 46.79447869383795 2994.846636405629 2994.846636405629 2994.846636405629
 19947016 32 25865.952 25865.952 25865.952 49.354805266784695 49.354805266784695 49.354805266784695 3158.7075370742205 3158.7075370742205 3158.7075370742205
 21941712 32 26629.28 26629.28 26629.28 52.734041926781345 52.734041926781345 52.734041926781345 3374.978683314006 3374.978683314006 3374.978683314006
 24135880 32 31180.161 31180.161 31180.161 49.54099884218044 49.54099884218044 49.54099884218044 3170.6239258995483 3170.6239258995483 3170.6239258995483
 26549464 32 31734.72 31734.72 31734.72 53.54279779370985 53.54279779370985 53.54279779370985 3426.7390587974305 3426.7390587974305 3426.7390587974305
 29204408 32 34928.448 34928.448 34928.448 53.51174240550283 53.51174240550283 53.51174240550283 3424.751513952181 3424.751513952181 3424.751513952181
 32124848 32 38389.153 38389.153 38389.153 53.556541661651146 53.556541661651146 53.556541661651146 3427.6186663456733 3427.6186663456733 3427.6186663456733
 35337328 16 21159.103 21159.103 21159.103 53.44245906832629 53.44245906832629 53.44245906832629 3420.317380372883 3420.317380372883 3420.317380372883
 38871056 16 23234.753 23234.753 23234.753 53.535055526520985 53.535055526520985 53.535055526520985 3426.243553697343 3426.243553697343 3426.243553697343
 42758160 16 25537.024 25537.024 25537.024 53.579505583735994 53.579505583735994 53.579505583735994 3429.0883573591036 3429.0883573591036 3429.0883573591036
 47033976 16 32692.928 32692.928 32692.928 46.037088877447744 46.037088877447744 46.037088877447744 2946.3736881566556 2946.3736881566556 2946.3736881566556
 51737368 16 35947.136 35947.136 35947.136 46.056402824414164 46.056402824414164 46.056402824414164 2947.6097807625065 2947.6097807625065 2947.6097807625065
 56911104 16 39576.16 39576.16 39576.16 46.016473755917694 46.016473755917694 46.016473755917694 2945.0543203787324 2945.0543203787324 2945.0543203787324
 62602208 16 37589.729 37589.729 37589.729 53.29303267921937 53.29303267921937 53.29303267921937 3410.75409147004 3410.75409147004 3410.75409147004
 68862424 8 20603.071 20603.071 20603.071 53.47740557706179 53.47740557706179 53.47740557706179 3422.5539569319544 3422.5539569319544 3422.5539569319544
 75748664 8 22724.96 22724.96 22724.96 53.33248656983334 53.33248656983334 53.33248656983334 3413.279140469334 3413.279140469334 3413.279140469334
 83323528 8 24938.816 24938.816 24938.816 53.457888618288855 53.457888618288855 53.457888618288855 3421.3048715704867 3421.3048715704867 3421.3048715704867
 91655880 8 27428.768 27428.768 27428.768 53.46554683024772 53.46554683024772 53.46554683024772 3421.794997135854 3421.794997135854 3421.794997135854
 100821464 8 35057.343 35057.343 35057.343 46.01442339768875 46.01442339768875 46.01442339768875 2944.92309745208 2944.92309745208 2944.92309745208
 110903608 8 38601.185 38601.185 38601.185 45.96899623677356 45.96899623677356 45.96899623677356 2942.015759153508 2942.015759153508 2942.015759153508
 121993968 8 36469.631 36469.631 36469.631 53.52133911088927 53.52133911088927 53.52133911088927 3425.3657030969134 3425.3657030969134 3425.3657030969134
 134193360 8 40124.702 40124.702 40124.702 53.510522271293134 53.510522271293134 53.510522271293134 3424.6734253627606 3424.6734253627606 3424.6734253627606
 147612696 4 22088.64 22088.64 22088.64 53.46194097961667 53.46194097961667 53.46194097961667 3421.564222695467 3421.564222695467 3421.564222695467
 162373960 4 24308.928 24308.928 24308.928 53.43681465509298 53.43681465509298 53.43681465509298 3419.9561379259508 3419.9561379259508 3419.9561379259508
 178611352 4 26704.737 26704.737 26704.737 53.507016976051844 53.507016976051844 53.507016976051844 3424.449086467318 3424.449086467318 3424.449086467318
 196472480 4 34225.441 34225.441 34225.441 45.92431226817501 45.92431226817501 45.92431226817501 2939.1559851632005 2939.1559851632005 2939.1559851632005
 216119728 4 32327.553 32327.553 32327.553 53.48248362627385 53.48248362627385 53.48248362627385 3422.878952081526 3422.878952081526 3422.878952081526
 237731696 4 35546.558 35546.558 35546.558 53.50317091179405 53.50317091179405 53.50317091179405 3424.2029383548193 3424.2029383548193 3424.2029383548193
 261504864 4 39088.608 39088.608 39088.608 53.52042497906296 53.52042497906296 53.52042497906296 3425.3071986600294 3425.3071986600294 3425.3071986600294
 287655344 2 21511.681 21511.681 21511.681 53.48821303179421 53.48821303179421 53.48821303179421 3423.2456340348294 3423.2456340348294 3423.2456340348294
 316420872 2 23651.009 23651.009 23651.009 53.51498906452576 53.51498906452576 53.51498906452576 3424.9593001296485 3424.9593001296485 3424.9593001296485
 348062952 2 26020.384 26020.384 26020.384 53.50619760261801 53.50619760261801 53.50619760261801 3424.3966465675526 3424.3966465675526 3424.3966465675526
 382869240 2 28631.935 28631.935 28631.935 53.48841983610259 53.48841983610259 53.48841983610259 3423.2588695105655 3423.2588695105655 3423.2588695105655
 421156160 2 31484.961 31484.961 31484.961 53.505692447896 53.505692447896 53.505692447896 3424.364316665344 3424.364316665344 3424.364316665344
 463271776 2 34629.185 34629.185 34629.185 53.51229328671755 53.51229328671755 53.51229328671755 3424.7867703499232 3424.7867703499232 3424.7867703499232
 509598952 2 38102.463 38102.463 38102.463 53.497743912250506 53.497743912250506 53.497743912250506 3423.8556103840324 3423.8556103840324 3423.8556103840324
 560558840 1 20970.655 20970.655 20970.655 53.461261939600845 53.461261939600845 53.461261939600845 3421.520764134454 3421.520764134454 3421.520764134454
 616614720 1 23072.289 23072.289 23072.289 53.45067583021346 53.45067583021346 53.45067583021346 3420.8432531336616 3420.8432531336616 3420.8432531336616
 678276192 1 25369.663 25369.663 25369.663 53.47143885986976 53.47143885986976 53.47143885986976 3422.1720870316644 3422.1720870316644 3422.1720870316644
 746103808 1 27903.072 27903.072 27903.072 53.478255584188005 53.478255584188005 53.478255584188005 3422.6083573880323 3422.6083573880323 3422.6083573880323
 820714184 1 35796.543 35796.543 35796.543 45.85438230725241 45.85438230725241 45.85438230725241 2934.680467664154 2934.680467664154 2934.680467664154
 902785600 1 39358.368 39358.368 39358.368 45.8751541730592 45.8751541730592 45.8751541730592 2936.009867075789 2936.009867075789 2936.009867075789
 993064160 1 37133.793 37133.793 37133.793 53.48573790994095 53.48573790994095 53.48573790994095 3423.087226236221 3423.087226236221 3423.087226236221
 
META_DATA
 FLOPS          1024
 GPU_BLOCKS     640
 GPU_THREADS    256
 ERT_VERSION  1.1.0
 HOSTNAME  ('kp361.kingspeak.peaks', ['kp361'], ['10.242.2.107'])
 UNAME  uname_result(system='Linux', node='kp361', release='3.10.0-957.27.2.el7.x86_64', version='#1 SMP Mon Jul 29 17:46:05 UTC 2019', machine='x86_64', processor='x86_64')
 TIMESTAMP_DATA  1617137371.9064775
 CONFIG  {'ERT_RESULTS': ['Results/Results.kingspeak-p100-gpu.01'], 'ERT_DRIVER': ['driver1'], 'ERT_KERNEL': ['kernel1'], 'ERT_GPU': ['True'], 'ERT_GPU_CFLAGS': ['-x', 'cu', '-arch=sm_60'], 'ERT_GPU_LDFLAGS': [], 'ERT_FLOPS': ['1,64,256,512,1024'], 'ERT_ALIGN': ['32'], 'ERT_CC': ['nvcc'], 'ERT_CFLAGS': ['-O3', '-std=c++11'], 'ERT_LD': ['nvcc'], 'ERT_LDFLAGS': [], 'ERT_LDLIBS': [], 'ERT_RUN': ['srun', '-n', '1', './ERT_CODE'], 'ERT_PRECISION': ['FP64'], 'ERT_BLOCKS_THREADS': ['163840'], 'ERT_GPU_BLOCKS': ['160,320,640,1280,2560'], 'ERT_GPU_THREADS': ['1024,512,256,128,64'], 'ERT_NUM_EXPERIMENTS': ['1'], 'ERT_MEMORY_MAX': ['1073741824'], 'ERT_WORKING_SET_MIN': ['128'], 'ERT_TRIALS_MIN': ['1'], 'ERT_GNUPLOT': ['gnuplot'], 'ERT_MPI': [False], 'ERT_OPENMP': [False], 'ERT_HIP': [False], 'ERT_OCL': [False], 'ERT_SYCL': [False], 'ERT_WSS_MULT': [1.1]}
 