fp64
 1024 1048576 1651332.764 1651332.764 1651332.764 1.300454817355032 1.300454817355032 1.300454817355032 20.807277077680514 20.807277077680514 20.807277077680514
 1120 524288 836173.584 836173.584 836173.584 1.4044991882929418 1.4044991882929418 1.4044991882929418 22.47198701268707 22.47198701268707 22.47198701268707
 1232 524288 827861.572 827861.572 827861.572 1.560460922082756 1.560460922082756 1.560460922082756 24.967374753324098 24.967374753324098 24.967374753324098
 1352 524288 835451.843 835451.843 835451.843 1.696895834126492 1.696895834126492 1.696895834126492 27.15033334602387 27.15033334602387 27.15033334602387
 1480 524288 848224.731 848224.731 848224.731 1.8295770251480676 1.8295770251480676 1.8295770251480676 29.273232402369082 29.273232402369082 29.273232402369082
 1624 524288 843866.821 843866.821 843866.821 2.0179575516217625 2.0179575516217625 2.0179575516217625 32.2873208259482 32.2873208259482 32.2873208259482
 1784 524288 849003.235 849003.235 849003.235 2.203359783428858 2.203359783428858 2.203359783428858 35.25375653486173 35.25375653486173 35.25375653486173
 1960 524288 838576.355 838576.355 838576.355 2.45083103970896 2.45083103970896 2.45083103970896 39.21329663534336 39.21329663534336 39.21329663534336
 2152 262144 414096.924 414096.924 414096.924 2.724646599886359 2.724646599886359 2.724646599886359 43.59434559818175 43.59434559818175 43.59434559818175
 2360 262144 408768.463 408768.463 408768.463 3.0269450605831105 3.0269450605831105 3.0269450605831105 48.43112096932977 48.43112096932977 48.43112096932977
 2592 262144 414050.537 414050.537 414050.537 3.2820981367305895 3.2820981367305895 3.2820981367305895 52.51357018768943 52.51357018768943 52.51357018768943
 2848 262144 408837.067 408837.067 408837.067 3.6522427747482107 3.6522427747482107 3.6522427747482107 58.43588439597137 58.43588439597137 58.43588439597137
 3128 262144 411039.764 411039.764 411039.764 3.9898156033390477 3.9898156033390477 3.9898156033390477 63.837049653424764 63.837049653424764 63.837049653424764
 3440 262144 414086.578 414086.578 414086.578 4.3554918604485655 4.3554918604485655 4.3554918604485655 69.68786976717705 69.68786976717705 69.68786976717705
 3784 262144 413797.913 413797.913 413797.913 4.794383271817033 4.794383271817033 4.794383271817033 76.71013234907252 76.71013234907252 76.71013234907252
 4160 131072 209592.285 209592.285 209592.285 5.203049530186666 5.203049530186666 5.203049530186666 83.24879248298666 83.24879248298666 83.24879248298666
 4576 131072 213129.593 213129.593 213129.593 5.628364072369809 5.628364072369809 5.628364072369809 90.05382515791695 90.05382515791695 90.05382515791695
 5032 131072 209294.983 209294.983 209294.983 6.302628897702722 6.302628897702722 6.302628897702722 100.84206236324356 100.84206236324356 100.84206236324356
 5528 131072 208696.259 208696.259 208696.259 6.943737462970049 6.943737462970049 6.943737462970049 111.09979940752078 111.09979940752078 111.09979940752078
 6080 131072 209380.005 209380.005 209380.005 7.612166787368259 7.612166787368259 7.612166787368259 121.79466859789214 121.79466859789214 121.79466859789214
 6688 131072 210850.204 210850.204 210850.204 8.31499822499579 8.31499822499579 8.31499822499579 133.03997159993264 133.03997159993264 133.03997159993264
 7352 131072 208241.211 208241.211 208241.211 9.255049366765352 9.255049366765352 9.255049366765352 148.08078986824563 148.08078986824563 148.08078986824563
 8080 131072 209473.572 209473.572 209473.572 10.111650361316224 10.111650361316224 10.111650361316224 161.78640578105959 161.78640578105959 161.78640578105959
 8888 65536 103467.522 103467.522 103467.522 11.25926197401345 11.25926197401345 11.25926197401345 180.1481915842152 180.1481915842152 180.1481915842152
 9776 65536 103641.602 103641.602 103641.602 12.363373850589456 12.363373850589456 12.363373850589456 197.8139816094313 197.8139816094313 197.8139816094313
 10752 65536 103484.253 103484.253 103484.253 13.618363211260752 13.618363211260752 13.618363211260752 217.89381138017202 217.89381138017202 217.89381138017202
 11824 65536 102476.707 102476.707 102476.707 15.123391191717353 15.123391191717353 15.123391191717353 241.97425906747765 241.97425906747765 241.97425906747765
 13000 65536 102321.213 102321.213 102321.213 16.65281274568158 16.65281274568158 16.65281274568158 266.4450039309053 266.4450039309053 266.4450039309053
 14296 65536 103135.773 103135.773 103135.773 18.1683353650726 18.1683353650726 18.1683353650726 290.6933658411616 290.6933658411616 290.6933658411616
 15720 65536 102012.032 102012.032 102012.032 20.198125648550945 20.198125648550945 20.198125648550945 323.1700103768151 323.1700103768151 323.1700103768151
 17288 32768 50246.91 50246.91 50246.91 22.5483789550442 22.5483789550442 22.5483789550442 360.7740632807072 360.7740632807072 360.7740632807072
 19016 32768 49929.92 49929.92 49929.92 24.959634944337985 24.959634944337985 24.959634944337985 399.35415910940776 399.35415910940776 399.35415910940776
 20912 32768 49662.75 49662.75 49662.75 27.595911060100377 27.595911060100377 27.595911060100377 441.53457696160604 441.53457696160604 441.53457696160604
 23000 32768 49883.007 49883.007 49883.007 30.217264167735518 30.217264167735518 30.217264167735518 483.4762266837683 483.4762266837683 483.4762266837683
 25296 32768 49408.607 49408.607 49408.607 33.55283131135432 33.55283131135432 33.55283131135432 536.8453009816691 536.8453009816691 536.8453009816691
 27824 32768 48925.953 48925.953 48925.953 37.27006940467772 37.27006940467772 37.27006940467772 596.3211104748435 596.3211104748435 596.3211104748435
 30600 32768 50633.728 50633.728 50633.728 39.60604283374117 39.60604283374117 39.60604283374117 633.6966853398587 633.6966853398587 633.6966853398587
 33656 16384 25301.344 25301.344 25301.344 43.58819073010508 43.58819073010508 43.58819073010508 697.4110516816813 697.4110516816813 697.4110516816813
 37016 16384 24867.071 24867.071 24867.071 48.77696645495563 48.77696645495563 48.77696645495563 780.43146327929 780.43146327929 780.43146327929
 40712 16384 24743.839 24743.839 24743.839 53.91446396009932 53.91446396009932 53.91446396009932 862.6314233615891 862.6314233615891 862.6314233615891
 44776 16384 24857.121 24857.121 24857.121 59.026142568964445 59.026142568964445 59.026142568964445 944.4182811034311 944.4182811034311 944.4182811034311
 49248 16384 24526.72 24526.72 24526.72 65.79593455627169 65.79593455627169 65.79593455627169 1052.734952900347 1052.734952900347 1052.734952900347
 54168 16384 24467.072 24467.072 24467.072 72.54554300571806 72.54554300571806 72.54554300571806 1160.728688091489 1160.728688091489 1160.728688091489
 59584 16384 25033.344 25033.344 25033.344 77.99391531550877 77.99391531550877 77.99391531550877 1247.9026450481404 1247.9026450481404 1247.9026450481404
 65536 16384 24877.76 24877.76 24877.76 86.32142315063737 86.32142315063737 86.32142315063737 1381.142770410198 1381.142770410198 1381.142770410198
 72088 8192 12270.816 12270.816 12270.816 96.25193564959332 96.25193564959332 96.25193564959332 1540.0309703934931 1540.0309703934931 1540.0309703934931
 79296 8192 12351.52 12351.52 12351.52 105.18427400028497 105.18427400028497 105.18427400028497 1682.9483840045596 1682.9483840045596 1682.9483840045596
 87224 8192 12429.856 12429.856 12429.856 114.9714056220764 114.9714056220764 114.9714056220764 1839.5424899532225 1839.5424899532225 1839.5424899532225
 95944 8192 12493.44 12493.44 12493.44 125.82175093489063 125.82175093489063 125.82175093489063 2013.14801495825 2013.14801495825 2013.14801495825
 105536 8192 12434.912 12434.912 12434.912 139.0521962680556 139.0521962680556 139.0521962680556 2224.8351402888898 2224.8351402888898 2224.8351402888898
 116088 8192 12858.496 12858.496 12858.496 147.9166608598704 147.9166608598704 147.9166608598704 2366.6665737579265 2366.6665737579265 2366.6665737579265
 127696 8192 12910.144 12910.144 12910.144 162.05638480872096 162.05638480872096 162.05638480872096 2592.9021569395354 2592.9021569395354 2592.9021569395354
 140464 4096 7242.688 7242.688 7242.688 158.87486634796363 158.87486634796363 158.87486634796363 2541.997861567418 2541.997861567418 2541.997861567418
 154504 4096 7685.504 7685.504 7685.504 164.68624152690572 164.68624152690572 164.68624152690572 2634.9798644304915 2634.9798644304915 2634.9798644304915
 169952 4096 7798.208 7798.208 7798.208 178.53419452263904 178.53419452263904 178.53419452263904 2856.5471123622247 2856.5471123622247 2856.5471123622247
 186944 4096 8821.984 8821.984 8821.984 173.59419921867917 173.59419921867917 173.59419921867917 2777.5071874988666 2777.5071874988666 2777.5071874988666
 205632 4096 10498.08 10498.08 10498.08 160.46146952585616 160.46146952585616 160.46146952585616 2567.3835124136986 2567.3835124136986 2567.3835124136986
 226192 4096 10752.416 10752.416 10752.416 172.33009437134874 172.33009437134874 172.33009437134874 2757.2815099415798 2757.2815099415798 2757.2815099415798
 248808 4096 12122.528 12122.528 12122.528 168.13614586000543 168.13614586000543 168.13614586000543 2690.178333760087 2690.178333760087 2690.178333760087
 273688 2048 6608.256 6608.256 6608.256 169.64022701299706 169.64022701299706 169.64022701299706 2714.243632207953 2714.243632207953 2714.243632207953
 301056 2048 7180.32 7180.32 7180.32 171.73682732802996 171.73682732802996 171.73682732802996 2747.7892372484794 2747.7892372484794 2747.7892372484794
 331160 2048 8404.992 8404.992 8404.992 161.3840155945419 161.3840155945419 161.3840155945419 2582.1442495126703 2582.1442495126703 2582.1442495126703
 364272 2048 8312.8 8312.8 8312.8 179.48923491483018 179.48923491483018 179.48923491483018 2871.827758637283 2871.827758637283 2871.827758637283
 400696 2048 8863.872 8863.872 8863.872 185.1618362720039 185.1618362720039 185.1618362720039 2962.5893803520626 2962.5893803520626 2962.5893803520626
 440760 2048 9951.488 9951.488 9951.488 181.41537828312713 181.41537828312713 181.41537828312713 2902.646052530034 2902.646052530034 2902.646052530034
 484832 2048 10555.232 10555.232 10555.232 188.14099699561316 188.14099699561316 188.14099699561316 3010.2559519298106 3010.2559519298106 3010.2559519298106
 533312 1024 5808.896 5808.896 5808.896 188.0259133577189 188.0259133577189 188.0259133577189 3008.4146137235025 3008.4146137235025 3008.4146137235025
 586640 1024 6939.84 6939.84 6939.84 173.12196246599345 173.12196246599345 173.12196246599345 2769.951399455895 2769.951399455895 2769.951399455895
 645304 1024 6946.688 6946.688 6946.688 190.2464299533821 190.2464299533821 190.2464299533821 3043.9428792541134 3043.9428792541134 3043.9428792541134
 709832 1024 7534.912 7534.912 7534.912 192.9333661760084 192.9333661760084 192.9333661760084 3086.9338588161345 3086.9338588161345 3086.9338588161345
 780808 1024 8384.0 8384.0 8384.0 190.73172519083968 190.73172519083968 190.73172519083968 3051.707603053435 3051.707603053435 3051.707603053435
 858888 1024 8976.256 8976.256 8976.256 195.96172658177306 195.96172658177306 195.96172658177306 3135.387625308369 3135.387625308369 3135.387625308369
 944776 1024 10744.672 10744.672 10744.672 180.08006647387654 180.08006647387654 180.08006647387654 2881.2810635820247 2881.2810635820247 2881.2810635820247
 1039248 1024 10881.952 10881.952 10881.952 195.58806214179222 195.58806214179222 195.58806214179222 3129.4089942686755 3129.4089942686755 3129.4089942686755
 1143168 512 6097.216 6097.216 6097.216 191.98992326989892 191.98992326989892 191.98992326989892 3071.838772318383 3071.838772318383 3071.838772318383
 1257480 512 6996.16 6996.16 6996.16 184.05232584732198 184.05232584732198 184.05232584732198 2944.8372135571517 2944.8372135571517 2944.8372135571517
 1383224 512 7425.472 7425.472 7425.472 190.75169578445653 190.75169578445653 190.75169578445653 3052.0271325513045 3052.0271325513045 3052.0271325513045
 1521544 512 8495.968 8495.968 8495.968 183.38829148132382 183.38829148132382 183.38829148132382 2934.212663701181 2934.212663701181 2934.212663701181
 1673696 512 8871.648 8871.648 8871.648 193.18447981705316 193.18447981705316 193.18447981705316 3090.9516770728505 3090.9516770728505 3090.9516770728505
 1841064 512 9883.808 9883.808 9883.808 190.74121391269435 190.74121391269435 190.74121391269435 3051.8594226031096 3051.8594226031096 3051.8594226031096
 2025168 512 10790.976 10790.976 10790.976 192.17650303364587 192.17650303364587 192.17650303364587 3074.824048538334 3074.824048538334 3074.824048538334
 2227680 256 5911.744 5911.744 5911.744 192.93327992551775 192.93327992551775 192.93327992551775 3086.932478808284 3086.932478808284 3086.932478808284
 2450448 256 6401.728 6401.728 6401.728 195.9829246103552 195.9829246103552 195.9829246103552 3135.7267937656834 3135.7267937656834 3135.7267937656834
 2695488 256 7238.784 7238.784 7238.784 190.65216699379343 190.65216699379343 190.65216699379343 3050.434671900695 3050.434671900695 3050.434671900695
 2965032 256 7830.528 7830.528 7830.528 193.86896822283248 193.86896822283248 193.86896822283248 3101.9034915653197 3101.9034915653197 3101.9034915653197
 3261528 256 9418.848 9418.848 9418.848 177.2936919674253 177.2936919674253 177.2936919674253 2836.699071478805 2836.699071478805 2836.699071478805
 3587680 256 11535.52 11535.52 11535.52 159.23791558594672 159.23791558594672 159.23791558594672 2547.8066493751476 2547.8066493751476 2547.8066493751476
 3946448 256 10803.648 10803.648 10803.648 187.027694349168 187.027694349168 187.027694349168 2992.443109586688 2992.443109586688 2992.443109586688
 4341088 128 6242.336 6242.336 6242.336 178.02927109338555 178.02927109338555 178.02927109338555 2848.4683374941687 2848.4683374941687 2848.4683374941687
 4775192 128 6368.128 6368.128 6368.128 191.96365902192923 191.96365902192923 191.96365902192923 3071.4185443508677 3071.4185443508677 3071.4185443508677
 5252704 128 6940.448 6940.448 6940.448 193.74717943279742 193.74717943279742 193.74717943279742 3099.954870924759 3099.954870924759 3099.954870924759
 5777968 128 7599.488 7599.488 7599.488 194.6394030755756 194.6394030755756 194.6394030755756 3114.2304492092094 3114.2304492092094 3114.2304492092094
 6355760 128 8444.928 8444.928 8444.928 192.66884927852556 192.66884927852556 192.66884927852556 3082.701588456409 3082.701588456409 3082.701588456409
 6991336 128 9696.192 9696.192 9696.192 184.5860742031511 184.5860742031511 184.5860742031511 2953.3771872504176 2953.3771872504176 2953.3771872504176
 7690464 128 11418.304 11418.304 11418.304 172.42129689312878 172.42129689312878 172.42129689312878 2758.7407502900605 2758.7407502900605 2758.7407502900605
 8459504 64 6090.944 6090.944 6090.944 177.77482636517425 177.77482636517425 177.77482636517425 2844.397221842788 2844.397221842788 2844.397221842788
 9305448 64 6111.584 6111.584 6111.584 194.89175703058322 194.89175703058322 194.89175703058322 3118.2681124893315 3118.2681124893315 3118.2681124893315
 10235992 64 6698.944 6698.944 6698.944 195.58410639049973 195.58410639049973 195.58410639049973 3129.3457022479956 3129.3457022479956 3129.3457022479956
 11259584 64 9956.416 9956.416 9956.416 144.7535691558087 144.7535691558087 144.7535691558087 2316.057106492939 2316.057106492939 2316.057106492939
 12385536 64 8921.28 8921.28 8921.28 177.7041644248359 177.7041644248359 177.7041644248359 2843.2666307973745 2843.2666307973745 2843.2666307973745
 13624088 64 8920.576 8920.576 8920.576 195.48998450324285 195.48998450324285 195.48998450324285 3127.8397520518856 3127.8397520518856 3127.8397520518856
 14986496 64 11006.496 11006.496 11006.496 174.28539364389903 174.28539364389903 174.28539364389903 2788.5662983023844 2788.5662983023844 2788.5662983023844
 16485144 64 10824.288 10824.288 10824.288 194.9410836075315 194.9410836075315 194.9410836075315 3119.057337720504 3119.057337720504 3119.057337720504
 18133656 32 5833.76 5833.76 5833.76 198.9375606812759 198.9375606812759 198.9375606812759 3183.0009709004144 3183.0009709004144 3183.0009709004144
 19947016 32 7647.264 7647.264 7647.264 166.93670102143722 166.93670102143722 166.93670102143722 2670.9872163429955 2670.9872163429955 2670.9872163429955
 21941712 32 7617.344 7617.344 7617.344 184.35160181816653 184.35160181816653 184.35160181816653 2949.6256290906645 2949.6256290906645 2949.6256290906645
 24135880 32 8069.888 8069.888 8069.888 191.41483995812578 191.41483995812578 191.41483995812578 3062.6374393300125 3062.6374393300125 3062.6374393300125
 26549464 32 8526.784 8526.784 8526.784 199.27392273569967 199.27392273569967 199.27392273569967 3188.3827637711947 3188.3827637711947 3188.3827637711947
 29204408 32 9759.296 9759.296 9759.296 191.51812917653075 191.51812917653075 191.51812917653075 3064.290066824492 3064.290066824492 3064.290066824492
 32124848 32 10728.448 10728.448 10728.448 191.63911425026248 191.63911425026248 191.63911425026248 3066.2258280041997 3066.2258280041997 3066.2258280041997
 35337328 16 6373.632 6373.632 6373.632 177.4176005141182 177.4176005141182 177.4176005141182 2838.681608225891 2838.681608225891 2838.681608225891
 38871056 16 6516.384 6516.384 6516.384 190.88405348733286 190.88405348733286 190.88405348733286 3054.144855797326 3054.144855797326 3054.144855797326
 42758160 16 7160.832 7160.832 7160.832 191.07571857571858 191.07571857571858 191.07571857571858 3057.2114972114973 3057.2114972114973 3057.2114972114973
 47033976 16 9323.616 9323.616 9323.616 161.42741528608641 161.42741528608641 161.42741528608641 2582.8386445773826 2582.8386445773826 2582.8386445773826
 51737368 16 8476.544 8476.544 8476.544 195.31495099889767 195.31495099889767 195.31495099889767 3125.0392159823627 3125.0392159823627 3125.0392159823627
 56911104 16 9332.384 9332.384 9332.384 195.143634038205 195.143634038205 195.143634038205 3122.29814461128 3122.29814461128 3122.29814461128
 62602208 16 13086.24 13086.24 13086.24 153.08221888028956 153.08221888028956 153.08221888028956 2449.315502084633 2449.315502084633 2449.315502084633
 68862424 8 5531.68 5531.68 5531.68 199.17977612587856 199.17977612587856 199.17977612587856 3186.876418014057 3186.876418014057 3186.876418014057
 75748664 8 6208.192 6208.192 6208.192 195.2224776553302 195.2224776553302 195.2224776553302 3123.5596424852833 3123.5596424852833 3123.5596424852833
 83323528 8 6838.688 6838.688 6838.688 194.94623062201404 194.94623062201404 194.94623062201404 3119.1396899522247 3119.1396899522247 3119.1396899522247
 91655880 8 7976.352 7976.352 7976.352 183.85523607784611 183.85523607784611 183.85523607784611 2941.683777245538 2941.683777245538 2941.683777245538
 100821464 8 8092.864 8092.864 8092.864 199.32911562581555 199.32911562581555 199.32911562581555 3189.2658500130487 3189.2658500130487 3189.2658500130487
 110903608 8 9093.856 9093.856 9093.856 195.12709768001608 195.12709768001608 195.12709768001608 3122.0335628802573 3122.0335628802573 3122.0335628802573
 121993968 8 10199.84 10199.84 10199.84 191.36608887982555 191.36608887982555 191.36608887982555 3061.857422077209 3061.857422077209 3061.857422077209
 134193360 8 10765.504 10765.504 10765.504 199.44201033226128 199.44201033226128 199.44201033226128 3191.0721653161804 3191.0721653161804 3191.0721653161804
 147612696 4 6066.24 6066.24 6066.24 194.66779553726855 194.66779553726855 194.66779553726855 3114.6847285962967 3114.6847285962967 3114.6847285962967
 162373960 4 6814.08 6814.08 6814.08 190.63346482577253 190.63346482577253 190.63346482577253 3050.1354372123606 3050.1354372123606 3050.1354372123606
 178611352 4 9212.8 9212.8 9212.8 155.09843001042032 155.09843001042032 155.09843001042032 2481.574880166725 2481.574880166725 2481.574880166725
 196472480 4 8045.952 8045.952 8045.952 195.35038737491845 195.35038737491845 195.35038737491845 3125.6061979986953 3125.6061979986953 3125.6061979986953
 216119728 4 9042.656 9042.656 9042.656 191.20022082007762 191.20022082007762 191.20022082007762 3059.203533121242 3059.203533121242 3059.203533121242
 237731696 4 10345.408 10345.408 10345.408 183.835530507835 183.835530507835 183.835530507835 2941.36848812536 2941.36848812536 2941.36848812536
 261504864 4 10705.568 10705.568 10705.568 195.41596597209977 195.41596597209977 195.41596597209977 3126.6554555535963 3126.6554555535963 3126.6554555535963
 287655344 2 6501.216 6501.216 6501.216 176.98556331615498 176.98556331615498 176.98556331615498 2831.7690130584797 2831.7690130584797 2831.7690130584797
 316420872 2 6496.064 6496.064 6496.064 194.83851883232677 194.83851883232677 194.83851883232677 3117.4163013172283 3117.4163013172283 3117.4163013172283
 348062952 2 7424.256 7424.256 7424.256 187.5274516395986 187.5274516395986 187.5274516395986 3000.4392262335778 3000.4392262335778 3000.4392262335778
 382869240 2 7997.504 7997.504 7997.504 191.49436624226757 191.49436624226757 191.49436624226757 3063.909859876281 3063.909859876281 3063.909859876281
 421156160 2 8457.472 8457.472 8457.472 199.18772891000998 199.18772891000998 199.18772891000998 3187.0036625601597 3187.0036625601597 3187.0036625601597
 463271776 2 11318.112 11318.112 11318.112 163.72758141994 163.72758141994 163.72758141994 2619.64130271904 2619.64130271904 2619.64130271904
 509598952 2 10427.648 10427.648 10427.648 195.47992107136722 195.47992107136722 195.47992107136722 3127.6787371418754 3127.6787371418754 3127.6787371418754
 560558840 1 5642.432 5642.432 5642.432 198.69405249367648 198.69405249367648 198.69405249367648 3179.1048398988237 3179.1048398988237 3179.1048398988237
 616614720 1 6354.144 6354.144 6354.144 194.08270256387013 194.08270256387013 194.08270256387013 3105.323241021922 3105.323241021922 3105.323241021922
 678276192 1 8308.256 8308.256 8308.256 163.2776341990425 163.2776341990425 163.2776341990425 2612.44214718468 2612.44214718468 2612.44214718468
 746103808 1 7982.048 7982.048 7982.048 186.9454576068698 186.9454576068698 186.9454576068698 2991.127321709917 2991.127321709917 2991.127321709917
 820714184 1 8253.152 8253.152 8253.152 198.8850281686318 198.8850281686318 198.8850281686318 3182.160450698109 3182.160450698109 3182.160450698109
 902785600 1 8582.112 8582.112 8582.112 210.3877460466608 210.3877460466608 210.3877460466608 3366.2039367465727 3366.2039367465727 3366.2039367465727
 993064160 1 9595.616 9595.616 9595.616 206.98288885257602 206.98288885257602 206.98288885257602 3311.7262216412164 3311.7262216412164 3311.7262216412164
 
META_DATA
 FLOPS          256
 GPU_BLOCKS     2560
 GPU_THREADS    64
 ERT_VERSION  1.1.0
 HOSTNAME  ('kp361.kingspeak.peaks', ['kp361'], ['10.242.2.107'])
 UNAME  uname_result(system='Linux', node='kp361', release='3.10.0-957.27.2.el7.x86_64', version='#1 SMP Mon Jul 29 17:46:05 UTC 2019', machine='x86_64', processor='x86_64')
 TIMESTAMP_DATA  1617136691.415394
 CONFIG  {'ERT_RESULTS': ['Results/Results.kingspeak-p100-gpu.01'], 'ERT_DRIVER': ['driver1'], 'ERT_KERNEL': ['kernel1'], 'ERT_GPU': ['True'], 'ERT_GPU_CFLAGS': ['-x', 'cu', '-arch=sm_60'], 'ERT_GPU_LDFLAGS': [], 'ERT_FLOPS': ['1,64,256,512,1024'], 'ERT_ALIGN': ['32'], 'ERT_CC': ['nvcc'], 'ERT_CFLAGS': ['-O3', '-std=c++11'], 'ERT_LD': ['nvcc'], 'ERT_LDFLAGS': [], 'ERT_LDLIBS': [], 'ERT_RUN': ['srun', '-n', '1', './ERT_CODE'], 'ERT_PRECISION': ['FP64'], 'ERT_BLOCKS_THREADS': ['163840'], 'ERT_GPU_BLOCKS': ['160,320,640,1280,2560'], 'ERT_GPU_THREADS': ['1024,512,256,128,64'], 'ERT_NUM_EXPERIMENTS': ['1'], 'ERT_MEMORY_MAX': ['1073741824'], 'ERT_WORKING_SET_MIN': ['128'], 'ERT_TRIALS_MIN': ['1'], 'ERT_GNUPLOT': ['gnuplot'], 'ERT_MPI': [False], 'ERT_OPENMP': [False], 'ERT_HIP': [False], 'ERT_OCL': [False], 'ERT_SYCL': [False], 'ERT_WSS_MULT': [1.1]}
 