fp64
 1024 1048576 1040477.173 1040477.173 1040477.173 2.0639411452037693 2.0639411452037693 2.0639411452037693 8.255764580815077 8.255764580815077 8.255764580815077
 1120 524288 479439.026 479439.026 479439.026 2.4495401006425372 2.4495401006425372 2.4495401006425372 9.798160402570149 9.798160402570149 9.798160402570149
 1232 524288 524220.276 524220.276 524220.276 2.4643183240779494 2.4643183240779494 2.4643183240779494 9.857273296311797 9.857273296311797 9.857273296311797
 1352 524288 523140.625 523140.625 523140.625 2.7099305315850777 2.7099305315850777 2.7099305315850777 10.83972212634031 10.83972212634031 10.83972212634031
 1480 524288 501956.116 501956.116 501956.116 3.091689553195921 3.091689553195921 3.091689553195921 12.366758212783685 12.366758212783685 12.366758212783685
 1624 524288 503680.695 503680.695 503680.695 3.380886821560632 3.380886821560632 3.380886821560632 13.523547286242527 13.523547286242527 13.523547286242527
 1784 524288 482765.045 482765.045 482765.045 3.8748861446669154 3.8748861446669154 3.8748861446669154 15.499544578667662 15.499544578667662 15.499544578667662
 1960 524288 505178.406 505178.406 505178.406 4.068283472908381 4.068283472908381 4.068283472908381 16.273133891633524 16.273133891633524 16.273133891633524
 2152 262144 252812.027 252812.027 252812.027 4.462872235109289 4.462872235109289 4.462872235109289 17.851488940437157 17.851488940437157 17.851488940437157
 2360 262144 264107.33 264107.33 264107.33 4.68491230440291 4.68491230440291 4.68491230440291 18.73964921761164 18.73964921761164 18.73964921761164
 2592 262144 263133.759 263133.759 263133.759 5.164500751117989 5.164500751117989 5.164500751117989 20.658003004471954 20.658003004471954 20.658003004471954
 2848 262144 253161.85 253161.85 253161.85 5.898093350163147 5.898093350163147 5.898093350163147 23.592373400652587 23.592373400652587 23.592373400652587
 3128 262144 263207.458 263207.458 263207.458 6.230723386265141 6.230723386265141 6.230723386265141 24.922893545060564 24.922893545060564 24.922893545060564
 3440 262144 264827.484 264827.484 264827.484 6.810285295011147 6.810285295011147 6.810285295011147 27.24114118004459 27.24114118004459 27.24114118004459
 3784 262144 252904.251 252904.251 252904.251 7.844493653845306 7.844493653845306 7.844493653845306 31.377974615381223 31.377974615381223 31.377974615381223
 4160 131072 133410.309 133410.309 133410.309 8.174173706471214 8.174173706471214 8.174173706471214 32.696694825884855 32.696694825884855 32.696694825884855
 4576 131072 132228.256 132228.256 132228.256 9.071971303924633 9.071971303924633 9.071971303924633 36.28788521569853 36.28788521569853 36.28788521569853
 5032 131072 131517.349 131517.349 131517.349 10.029920904199493 10.029920904199493 10.029920904199493 40.11968361679797 40.11968361679797 40.11968361679797
 5528 131072 133242.95 133242.95 133242.95 10.875862715438227 10.875862715438227 10.875862715438227 43.50345086175291 43.50345086175291 43.50345086175291
 6080 131072 133152.863 133152.863 133152.863 11.969968080971716 11.969968080971716 11.969968080971716 47.879872323886865 47.879872323886865 47.879872323886865
 6688 131072 133354.813 133354.813 133354.813 13.147025087126028 13.147025087126028 13.147025087126028 52.58810034850411 52.58810034850411 52.58810034850411
 7352 131072 128362.457 128362.457 128362.457 15.014379850955956 15.014379850955956 15.014379850955956 60.057519403823825 60.057519403823825 60.057519403823825
 8080 131072 128252.35 128252.35 128252.35 16.515280382776613 16.515280382776613 16.515280382776613 66.06112153110645 66.06112153110645 66.06112153110645
 8888 65536 65851.425 65851.425 65851.425 17.690853857756306 17.690853857756306 17.690853857756306 70.76341543102522 70.76341543102522 70.76341543102522
 9776 65536 66744.995 66744.995 66744.995 19.19784205542303 19.19784205542303 19.19784205542303 76.79136822169212 76.79136822169212 76.79136822169212
 10752 65536 64089.539 64089.539 64089.539 21.98933189393046 21.98933189393046 21.98933189393046 87.95732757572183 87.95732757572183 87.95732757572183
 11824 65536 66050.621 66050.621 66050.621 23.463751052393587 23.463751052393587 23.463751052393587 93.85500420957435 93.85500420957435 93.85500420957435
 13000 65536 66146.751 66146.751 66146.751 25.75993490594874 25.75993490594874 25.75993490594874 103.03973962379496 103.03973962379496 103.03973962379496
 14296 65536 66669.312 66669.312 66669.312 28.105964435331202 28.105964435331202 28.105964435331202 112.42385774132481 112.42385774132481 112.42385774132481
 15720 65536 66748.573 66748.573 66748.573 30.868852282430062 30.868852282430062 30.868852282430062 123.47540912972025 123.47540912972025 123.47540912972025
 17288 32768 33027.008 33027.008 33027.008 34.304844326195095 34.304844326195095 34.304844326195095 137.21937730478038 137.21937730478038 137.21937730478038
 19016 32768 31995.392 31995.392 31995.392 38.95037685426701 38.95037685426701 38.95037685426701 155.80150741706805 155.80150741706805 155.80150741706805
 20912 32768 32045.856 32045.856 32045.856 42.76649161751211 42.76649161751211 42.76649161751211 171.06596647004844 171.06596647004844 171.06596647004844
 23000 32768 32854.847 32854.847 32854.847 45.878405703730714 45.878405703730714 45.878405703730714 183.51362281492285 183.51362281492285 183.51362281492285
 25296 32768 32926.113 32926.113 32926.113 50.34905444198652 50.34905444198652 50.34905444198652 201.39621776794607 201.39621776794607 201.39621776794607
 27824 32768 32882.526 32882.526 32882.526 55.45418451125076 55.45418451125076 55.45418451125076 221.81673804500304 221.81673804500304 221.81673804500304
 30600 32768 33072.83 33072.83 33072.83 60.63592380815309 60.63592380815309 60.63592380815309 242.54369523261235 242.54369523261235 242.54369523261235
 33656 16384 16661.505 16661.505 16661.505 66.19088779795102 66.19088779795102 66.19088779795102 264.7635511918041 264.7635511918041 264.7635511918041
 37016 16384 16704.0 16704.0 16704.0 72.61376245210728 72.61376245210728 72.61376245210728 290.4550498084291 290.4550498084291 290.4550498084291
 40712 16384 16705.313 16705.313 16705.313 79.85787611402432 79.85787611402432 79.85787611402432 319.4315044560973 319.4315044560973 319.4315044560973
 44776 16384 16673.281 16673.281 16673.281 87.99827508454996 87.99827508454996 87.99827508454996 351.99310033819984 351.99310033819984 351.99310033819984
 49248 16384 16662.687 16662.687 16662.687 96.84863335667289 96.84863335667289 96.84863335667289 387.39453342669157 387.39453342669157 387.39453342669157
 54168 16384 16538.431 16538.431 16538.431 107.32439032457191 107.32439032457191 107.32439032457191 429.29756129828763 429.29756129828763 429.29756129828763
 59584 16384 16653.952 16653.952 16653.952 117.23634798515091 117.23634798515091 117.23634798515091 468.94539194060366 468.94539194060366 468.94539194060366
 65536 16384 16609.024 16609.024 16609.024 129.2961975369534 129.2961975369534 129.2961975369534 517.1847901478136 517.1847901478136 517.1847901478136
 72088 8192 8012.832 8012.832 8012.832 147.39979472925427 147.39979472925427 147.39979472925427 589.5991789170171 589.5991789170171 589.5991789170171
 79296 8192 8008.832 8008.832 8008.832 162.21911809362462 162.21911809362462 162.21911809362462 648.8764723744985 648.8764723744985 648.8764723744985
 87224 8192 7704.448 7704.448 7704.448 185.487398448273 185.487398448273 185.487398448273 741.949593793092 741.949593793092 741.949593793092
 95944 8192 8052.256 8052.256 8052.256 195.21814706338196 195.21814706338196 195.21814706338196 780.8725882535279 780.8725882535279 780.8725882535279
 105536 8192 7726.24 7726.24 7726.24 223.7960280809294 223.7960280809294 223.7960280809294 895.1841123237176 895.1841123237176 895.1841123237176
 116088 8192 7743.616 7743.616 7743.616 245.61984891812818 245.61984891812818 245.61984891812818 982.4793956725127 982.4793956725127 982.4793956725127
 127696 8192 8018.304 8018.304 8018.304 260.924412943186 260.924412943186 260.924412943186 1043.697651772744 1043.697651772744 1043.697651772744
 140464 4096 3855.328 3855.328 3855.328 298.46515990338565 298.46515990338565 298.46515990338565 1193.8606396135426 1193.8606396135426 1193.8606396135426
 154504 4096 3830.784 3830.784 3830.784 330.4014969259556 330.4014969259556 330.4014969259556 1321.6059877038224 1321.6059877038224 1321.6059877038224
 169952 4096 3861.184 3861.184 3861.184 360.5750940644113 360.5750940644113 360.5750940644113 1442.3003762576452 1442.3003762576452 1442.3003762576452
 186944 4096 3874.656 3874.656 3874.656 395.2467646160072 395.2467646160072 395.2467646160072 1580.987058464029 1580.987058464029 1580.987058464029
 205632 4096 4030.112 4030.112 4030.112 417.98772441063676 417.98772441063676 417.98772441063676 1671.950897642547 1671.950897642547 1671.950897642547
 226192 4096 4175.168 4175.168 4175.168 443.80606097766605 443.80606097766605 443.80606097766605 1775.2242439106642 1775.2242439106642 1775.2242439106642
 248808 4096 5423.296 5423.296 5423.296 375.82959440163324 375.82959440163324 375.82959440163324 1503.318377606533 1503.318377606533 1503.318377606533
 273688 2048 2621.248 2621.248 2621.248 427.6688234001514 427.6688234001514 427.6688234001514 1710.6752936006055 1710.6752936006055 1710.6752936006055
 301056 2048 2629.696 2629.696 2629.696 468.9231667842975 468.9231667842975 468.9231667842975 1875.69266713719 1875.69266713719 1875.69266713719
 331160 2048 2625.632 2625.632 2625.632 516.6113758516044 516.6113758516044 516.6113758516044 2066.4455034064176 2066.4455034064176 2066.4455034064176
 364272 2048 3092.704 3092.704 3092.704 482.44452492058724 482.44452492058724 482.44452492058724 1929.778099682349 1929.778099682349 1929.778099682349
 400696 2048 3093.216 3093.216 3093.216 530.5968985030466 530.5968985030466 530.5968985030466 2122.3875940121866 2122.3875940121866 2122.3875940121866
 440760 2048 3180.288 3180.288 3180.288 567.6696450132819 567.6696450132819 567.6696450132819 2270.6785800531275 2270.6785800531275 2270.6785800531275
 484832 2048 3584.032 3584.032 3584.032 554.0887670645798 554.0887670645798 554.0887670645798 2216.355068258319 2216.355068258319 2216.355068258319
 533312 1024 1852.8 1852.8 1852.8 589.4985837651122 589.4985837651122 589.4985837651122 2357.994335060449 2357.994335060449 2357.994335060449
 586640 1024 2063.968 2063.968 2063.968 582.1014279291153 582.1014279291153 582.1014279291153 2328.405711716461 2328.405711716461 2328.405711716461
 645304 1024 2085.92 2085.92 2085.92 633.5729999232951 633.5729999232951 633.5729999232951 2534.2919996931805 2534.2919996931805 2534.2919996931805
 709832 1024 2328.992 2328.992 2328.992 624.1910388700347 624.1910388700347 624.1910388700347 2496.764155480139 2496.764155480139 2496.764155480139
 780808 1024 2380.8 2380.8 2380.8 671.6627956989247 671.6627956989247 671.6627956989247 2686.651182795699 2686.651182795699 2686.651182795699
 858888 1024 2590.784 2590.784 2590.784 678.9460734665646 678.9460734665646 678.9460734665646 2715.7842938662584 2715.7842938662584 2715.7842938662584
 944776 1024 3862.016 3862.016 3862.016 501.00808696804984 501.00808696804984 501.00808696804984 2004.0323478721994 2004.0323478721994 2004.0323478721994
 1039248 1024 4174.016 4174.016 4174.016 509.911774176237 509.911774176237 509.911774176237 2039.647096704948 2039.647096704948 2039.647096704948
 1143168 512 2088.352 2088.352 2088.352 560.5396178422028 560.5396178422028 560.5396178422028 2242.158471368811 2242.158471368811 2242.158471368811
 1257480 512 2088.8 2088.8 2088.8 616.458981233244 616.458981233244 616.458981233244 2465.835924932976 2465.835924932976 2465.835924932976
 1383224 512 2084.992 2084.992 2084.992 679.3413960341334 679.3413960341334 679.3413960341334 2717.3655841365335 2717.3655841365335 2717.3655841365335
 1521544 512 2399.872 2399.872 2399.872 649.2267320923784 649.2267320923784 649.2267320923784 2596.9069283695135 2596.9069283695135 2596.9069283695135
 1673696 512 2378.368 2378.368 2378.368 720.6053495506162 720.6053495506162 720.6053495506162 2882.421398202465 2882.421398202465 2882.421398202465
 1841064 512 2802.016 2802.016 2802.016 672.8189760515286 672.8189760515286 672.8189760515286 2691.2759042061143 2691.2759042061143 2691.2759042061143
 2025168 512 3134.08 3134.08 3134.08 661.6844598733918 661.6844598733918 661.6844598733918 2646.737839493567 2646.737839493567 2646.737839493567
 2227680 256 1648.064 1648.064 1648.064 692.0678808589957 692.0678808589957 692.0678808589957 2768.271523435983 2768.271523435983 2768.271523435983
 2450448 256 2021.376 2021.376 2021.376 620.6808510638298 620.6808510638298 620.6808510638298 2482.723404255319 2482.723404255319 2482.723404255319
 2695488 256 2173.568 2173.568 2173.568 634.9421117719803 634.9421117719803 634.9421117719803 2539.7684470879212 2539.7684470879212 2539.7684470879212
 2965032 256 2100.224 2100.224 2100.224 722.8259385665527 722.8259385665527 722.8259385665527 2891.303754266211 2891.303754266211 2891.303754266211
 3261528 256 2392.192 2392.192 2392.192 698.0636738188239 698.0636738188239 698.0636738188239 2792.2546952752955 2792.2546952752955 2792.2546952752955
 3587680 256 2687.136 2687.136 2687.136 683.5873435509033 683.5873435509033 683.5873435509033 2734.349374203613 2734.349374203613 2734.349374203613
 3946448 256 2996.512 2996.512 2996.512 674.3111244006365 674.3111244006365 674.3111244006365 2697.244497602546 2697.244497602546 2697.244497602546
 4341088 128 1528.64 1528.64 1528.64 726.998199706929 726.998199706929 726.998199706929 2907.992798827716 2907.992798827716 2907.992798827716
 4775192 128 1881.6 1881.6 1881.6 649.6859863945579 649.6859863945579 649.6859863945579 2598.7439455782314 2598.7439455782314 2598.7439455782314
 5252704 128 1987.072 1987.072 1987.072 676.7204328781243 676.7204328781243 676.7204328781243 2706.881731512497 2706.881731512497 2706.881731512497
 5777968 128 2291.392 2291.392 2291.392 645.5289221573612 645.5289221573612 645.5289221573612 2582.115688629445 2582.115688629445 2582.115688629445
 6355760 128 2407.584 2407.584 2407.584 675.8121668859737 675.8121668859737 675.8121668859737 2703.248667543895 2703.248667543895 2703.248667543895
 6991336 128 2899.616 2899.616 2899.616 617.247944555417 617.247944555417 617.247944555417 2468.991778221668 2468.991778221668 2468.991778221668
 7690464 128 4242.016 4242.016 4242.016 464.10923108257964 464.10923108257964 464.10923108257964 1856.4369243303186 1856.4369243303186 1856.4369243303186
 8459504 64 2328.288 2328.288 2328.288 465.0698332852293 465.0698332852293 465.0698332852293 1860.2793331409173 1860.2793331409173 1860.2793331409173
 9305448 64 2622.496 2622.496 2622.496 454.18461801276334 454.18461801276334 454.18461801276334 1816.7384720510533 1816.7384720510533 1816.7384720510533
 10235992 64 3004.416 3004.416 3004.416 436.09372869802314 436.09372869802314 436.09372869802314 1744.3749147920926 1744.3749147920926 1744.3749147920926
 11259584 64 3162.912 3162.912 3162.912 455.6645116904928 455.6645116904928 455.6645116904928 1822.6580467619713 1822.6580467619713 1822.6580467619713
 12385536 64 3521.28 3521.28 3521.28 450.2194111232279 450.2194111232279 450.2194111232279 1800.8776444929117 1800.8776444929117 1800.8776444929117
 13624088 64 3848.256 3848.256 3848.256 453.1619684345324 453.1619684345324 453.1619684345324 1812.6478737381296 1812.6478737381296 1812.6478737381296
 14986496 64 4239.392 4239.392 4239.392 452.48740574120063 452.48740574120063 452.48740574120063 1809.9496229648025 1809.9496229648025 1809.9496229648025
 16485144 64 4721.536 4721.536 4721.536 446.90931764578306 446.90931764578306 446.90931764578306 1787.6372705831322 1787.6372705831322 1787.6372705831322
 18133656 32 2646.88 2646.88 2646.88 438.4611255515929 438.4611255515929 438.4611255515929 1753.8445022063715 1753.8445022063715 1753.8445022063715
 19947016 32 2848.064 2848.064 2848.064 448.2374778094875 448.2374778094875 448.2374778094875 1792.94991123795 1792.94991123795 1792.94991123795
 21941712 32 3163.264 3163.264 3163.264 443.9305628616517 443.9305628616517 443.9305628616517 1775.7222514466068 1775.7222514466068 1775.7222514466068
 24135880 32 3449.6 3449.6 3449.6 447.7899814471243 447.7899814471243 447.7899814471243 1791.1599257884973 1791.1599257884973 1791.1599257884973
 26549464 32 3791.968 3791.968 3791.968 448.09600081013343 448.09600081013343 448.09600081013343 1792.3840032405337 1792.3840032405337 1792.3840032405337
 29204408 32 4164.96 4164.96 4164.96 448.76352041796326 448.76352041796326 448.76352041796326 1795.054081671853 1795.054081671853 1795.054081671853
 32124848 32 4610.592 4610.592 4610.592 445.92761016372737 445.92761016372737 445.92761016372737 1783.7104406549095 1783.7104406549095 1783.7104406549095
 35337328 16 2622.528 2622.528 2622.528 431.1849086072675 431.1849086072675 431.1849086072675 1724.73963442907 1724.73963442907 1724.73963442907
 38871056 16 2788.032 2788.032 2788.032 446.1476023230723 446.1476023230723 446.1476023230723 1784.5904092922892 1784.5904092922892 1784.5904092922892
 42758160 16 3069.632 3069.632 3069.632 445.7410920918208 445.7410920918208 445.7410920918208 1782.9643683672832 1782.9643683672832 1782.9643683672832
 47033976 16 3607.072 3607.072 3607.072 417.26010237666446 417.26010237666446 417.26010237666446 1669.0404095066579 1669.0404095066579 1669.0404095066579
 51737368 16 3737.216 3737.216 3737.216 443.0024317566874 443.0024317566874 443.0024317566874 1772.0097270267495 1772.0097270267495 1772.0097270267495
 56911104 16 4088.736 4088.736 4088.736 445.40790307811505 445.40790307811505 445.40790307811505 1781.6316123124602 1781.6316123124602 1781.6316123124602
 62602208 16 4705.952 4705.952 4705.952 425.68871420702976 425.68871420702976 425.68871420702976 1702.754856828119 1702.754856828119 1702.754856828119
 68862424 8 2532.768 2532.768 2532.768 435.0176502545832 435.0176502545832 435.0176502545832 1740.0706010183328 1740.0706010183328 1740.0706010183328
 75748664 8 2781.408 2781.408 2781.408 435.74284103590696 435.74284103590696 435.74284103590696 1742.9713641436279 1742.9713641436279 1742.9713641436279
 83323528 8 3073.248 3073.248 3073.248 433.8004768895969 433.8004768895969 433.8004768895969 1735.2019075583876 1735.2019075583876 1735.2019075583876
 91655880 8 3394.752 3394.752 3394.752 431.98857530682653 431.98857530682653 431.98857530682653 1727.9543012273061 1727.9543012273061 1727.9543012273061
 100821464 8 3731.424 3731.424 3731.424 432.3130858353272 432.3130858353272 432.3130858353272 1729.2523433413087 1729.2523433413087 1729.2523433413087
 110903608 8 4081.632 4081.632 4081.632 434.7422129187541 434.7422129187541 434.7422129187541 1738.9688516750164 1738.9688516750164 1738.9688516750164
 121993968 8 4518.912 4518.912 4518.912 431.94102651257646 431.94102651257646 431.94102651257646 1727.7641060503058 1727.7641060503058 1727.7641060503058
 134193360 8 4988.672 4988.672 4988.672 430.3938523117977 430.3938523117977 430.3938523117977 1721.5754092471907 1721.5754092471907 1721.5754092471907
 147612696 4 2736.128 2736.128 2736.128 431.59587855538916 431.59587855538916 431.59587855538916 1726.3835142215567 1726.3835142215567 1726.3835142215567
 162373960 4 2952.928 2952.928 2952.928 439.8995437748567 439.8995437748567 439.8995437748567 1759.5981750994267 1759.5981750994267 1759.5981750994267
 178611352 4 3236.768 3236.768 3236.768 441.4560499856647 441.4560499856647 441.4560499856647 1765.8241999426589 1765.8241999426589 1765.8241999426589
 196472480 4 3713.376 3713.376 3713.376 423.2751652404712 423.2751652404712 423.2751652404712 1693.1006609618848 1693.1006609618848 1693.1006609618848
 216119728 4 3996.896 3996.896 3996.896 432.5751343042201 432.5751343042201 432.5751343042201 1730.3005372168805 1730.3005372168805 1730.3005372168805
 237731696 4 4422.944 4422.944 4422.944 429.99720728998597 429.99720728998597 429.99720728998597 1719.9888291599439 1719.9888291599439 1719.9888291599439
 261504864 4 4882.144 4882.144 4882.144 428.50823572594334 428.50823572594334 428.50823572594334 1714.0329429037733 1714.0329429037733 1714.0329429037733
 287655344 2 2613.92 2613.92 2613.92 440.18997367937806 440.18997367937806 440.18997367937806 1760.7598947175122 1760.7598947175122 1760.7598947175122
 316420872 2 3131.904 3131.904 3131.904 404.1258889161354 404.1258889161354 404.1258889161354 1616.5035556645416 1616.5035556645416 1616.5035556645416
 348062952 2 3219.744 3219.744 3219.744 432.41071588300184 432.41071588300184 432.41071588300184 1729.6428635320074 1729.6428635320074 1729.6428635320074
 382869240 2 3476.608 3476.608 3476.608 440.50895585582265 440.50895585582265 440.50895585582265 1762.0358234232906 1762.0358234232906 1762.0358234232906
 421156160 2 3904.96 3904.96 3904.96 431.406375481439 431.406375481439 431.406375481439 1725.625501925756 1725.625501925756 1725.625501925756
 463271776 2 4306.4 4306.4 4306.4 430.3100278655026 430.3100278655026 430.3100278655026 1721.2401114620104 1721.2401114620104 1721.2401114620104
 509598952 2 4886.944 4886.944 4886.944 417.1105312440658 417.1105312440658 417.1105312440658 1668.4421249762631 1668.4421249762631 1668.4421249762631
 560558840 1 2551.616 2551.616 2551.616 439.37554867190045 439.37554867190045 439.37554867190045 1757.5021946876018 1757.5021946876018 1757.5021946876018
 616614720 1 2861.664 2861.664 2861.664 430.94837129725914 430.94837129725914 430.94837129725914 1723.7934851890366 1723.7934851890366 1723.7934851890366
 678276192 1 3159.968 3159.968 3159.968 429.2930763855837 429.2930763855837 429.2930763855837 1717.1723055423347 1717.1723055423347 1717.1723055423347
 746103808 1 3480.832 3480.832 3480.832 428.692799882327 428.692799882327 428.692799882327 1714.771199529308 1714.771199529308 1714.771199529308
 820714184 1 3828.448 3828.448 3828.448 428.74511237974235 428.74511237974235 428.74511237974235 1714.9804495189694 1714.9804495189694 1714.9804495189694
 902785600 1 4210.08 4210.08 4210.08 428.8686200737278 428.8686200737278 428.8686200737278 1715.4744802949112 1715.4744802949112 1715.4744802949112
 993064160 1 4499.872 4499.872 4499.872 441.3744035385895 441.3744035385895 441.3744035385895 1765.497614154358 1765.497614154358 1765.497614154358
 
META_DATA
 FLOPS          64
 GPU_BLOCKS     640
 GPU_THREADS    256
 ERT_VERSION  1.1.0
 HOSTNAME  ('kp361.kingspeak.peaks', ['kp361'], ['10.242.2.107'])
 UNAME  uname_result(system='Linux', node='kp361', release='3.10.0-957.27.2.el7.x86_64', version='#1 SMP Mon Jul 29 17:46:05 UTC 2019', machine='x86_64', processor='x86_64')
 TIMESTAMP_DATA  1617136352.6283514
 CONFIG  {'ERT_RESULTS': ['Results/Results.kingspeak-p100-gpu.01'], 'ERT_DRIVER': ['driver1'], 'ERT_KERNEL': ['kernel1'], 'ERT_GPU': ['True'], 'ERT_GPU_CFLAGS': ['-x', 'cu', '-arch=sm_60'], 'ERT_GPU_LDFLAGS': [], 'ERT_FLOPS': ['1,64,256,512,1024'], 'ERT_ALIGN': ['32'], 'ERT_CC': ['nvcc'], 'ERT_CFLAGS': ['-O3', '-std=c++11'], 'ERT_LD': ['nvcc'], 'ERT_LDFLAGS': [], 'ERT_LDLIBS': [], 'ERT_RUN': ['srun', '-n', '1', './ERT_CODE'], 'ERT_PRECISION': ['FP64'], 'ERT_BLOCKS_THREADS': ['163840'], 'ERT_GPU_BLOCKS': ['160,320,640,1280,2560'], 'ERT_GPU_THREADS': ['1024,512,256,128,64'], 'ERT_NUM_EXPERIMENTS': ['1'], 'ERT_MEMORY_MAX': ['1073741824'], 'ERT_WORKING_SET_MIN': ['128'], 'ERT_TRIALS_MIN': ['1'], 'ERT_GNUPLOT': ['gnuplot'], 'ERT_MPI': [False], 'ERT_OPENMP': [False], 'ERT_HIP': [False], 'ERT_OCL': [False], 'ERT_SYCL': [False], 'ERT_WSS_MULT': [1.1]}
 