fp64
 1024 1048576 1035165.649 1035165.649 1035165.649 2.0745314047800285 2.0745314047800285 2.0745314047800285 8.298125619120114 8.298125619120114 8.298125619120114
 1120 524288 522521.301 522521.301 522521.301 2.247573673556325 2.247573673556325 2.247573673556325 8.9902946942253 8.9902946942253 8.9902946942253
 1232 524288 528134.338 528134.338 528134.338 2.446054988380627 2.446054988380627 2.446054988380627 9.784219953522507 9.784219953522507 9.784219953522507
 1352 524288 533419.739 533419.739 533419.739 2.657709582809421 2.657709582809421 2.657709582809421 10.630838331237683 10.630838331237683 10.630838331237683
 1480 524288 538613.953 538613.953 538613.953 2.881270474625079 2.881270474625079 2.881270474625079 11.525081898500316 11.525081898500316 11.525081898500316
 1624 524288 528088.074 528088.074 528088.074 3.2246276858734744 3.2246276858734744 3.2246276858734744 12.898510743493897 12.898510743493897 12.898510743493897
 1784 524288 525785.278 525785.278 525785.278 3.557839411395615 3.557839411395615 3.557839411395615 14.23135764558246 14.23135764558246 14.23135764558246
 1960 524288 533432.556 533432.556 533432.556 3.8528000154531252 3.8528000154531252 3.8528000154531252 15.411200061812501 15.411200061812501 15.411200061812501
 2152 262144 256168.243 256168.243 256168.243 4.404401430820604 4.404401430820604 4.404401430820604 17.617605723282416 17.617605723282416 17.617605723282416
 2360 262144 263809.631 263809.631 263809.631 4.690199047357751 4.690199047357751 4.690199047357751 18.760796189431005 18.760796189431005 18.760796189431005
 2592 262144 253701.569 253701.569 253701.569 5.356508047453186 5.356508047453186 5.356508047453186 21.426032189812744 21.426032189812744 21.426032189812744
 2848 262144 256187.317 256187.317 256187.317 5.8284392899903 5.8284392899903 5.8284392899903 23.3137571599612 23.3137571599612 23.3137571599612
 3128 262144 260128.967 260128.967 260128.967 6.304460756190986 6.304460756190986 6.304460756190986 25.217843024763944 25.217843024763944 25.217843024763944
 3440 262144 255683.167 255683.167 255683.167 7.05385004872065 7.05385004872065 7.05385004872065 28.2154001948826 28.2154001948826 28.2154001948826
 3784 262144 260492.218 260492.218 260492.218 7.6159887125687575 7.6159887125687575 7.6159887125687575 30.46395485027503 30.46395485027503 30.46395485027503
 4160 131072 137649.796 137649.796 137649.796 7.922416681242304 7.922416681242304 7.922416681242304 31.689666724969214 31.689666724969214 31.689666724969214
 4576 131072 133011.108 133011.108 133011.108 9.018577185297936 9.018577185297936 9.018577185297936 36.07430874119174 36.07430874119174 36.07430874119174
 5032 131072 134180.71 134180.71 134180.71 9.830836399658343 9.830836399658343 9.830836399658343 39.323345598633374 39.323345598633374 39.323345598633374
 5528 131072 133744.995 133744.995 133744.995 10.83503746813105 10.83503746813105 10.83503746813105 43.3401498725242 43.3401498725242 43.3401498725242
 6080 131072 136095.49 136095.49 136095.49 11.711156041981996 11.711156041981996 11.711156041981996 46.84462416792798 46.84462416792798 46.84462416792798
 6688 131072 133676.102 133676.102 133676.102 13.115426360951188 13.115426360951188 13.115426360951188 52.46170544380475 52.46170544380475 52.46170544380475
 7352 131072 131969.818 131969.818 131969.818 14.603965643113945 14.603965643113945 14.603965643113945 58.41586257245578 58.41586257245578 58.41586257245578
 8080 131072 131563.232 131563.232 131563.232 16.09966164406785 16.09966164406785 16.09966164406785 64.3986465762714 64.3986465762714 64.3986465762714
 8888 65536 64803.871 64803.871 64803.871 17.97682635347509 17.97682635347509 17.97682635347509 71.90730541390036 71.90730541390036 71.90730541390036
 9776 65536 65558.434 65558.434 65558.434 19.54530933426506 19.54530933426506 19.54530933426506 78.18123733706024 78.18123733706024 78.18123733706024
 10752 65536 64747.391 64747.391 64747.391 21.765913996441956 21.765913996441956 21.765913996441956 87.06365598576782 87.06365598576782 87.06365598576782
 11824 65536 64001.694 64001.694 64001.694 24.214911061572842 24.214911061572842 24.214911061572842 96.85964424629137 96.85964424629137 96.85964424629137
 13000 65536 63936.607 63936.607 63936.607 26.650397635270195 26.650397635270195 26.650397635270195 106.60159054108078 106.60159054108078 106.60159054108078
 14296 65536 64395.966 64395.966 64395.966 29.098178479068082 29.098178479068082 29.098178479068082 116.39271391627233 116.39271391627233 116.39271391627233
 15720 65536 62781.567 62781.567 62781.567 32.81937578907516 32.81937578907516 32.81937578907516 131.27750315630064 131.27750315630064 131.27750315630064
 17288 32768 30702.047 30702.047 30702.047 36.90263284399246 36.90263284399246 36.90263284399246 147.61053137596983 147.61053137596983 147.61053137596983
 19016 32768 30358.335 30358.335 30358.335 41.050755122110616 41.050755122110616 41.050755122110616 164.20302048844246 164.20302048844246 164.20302048844246
 20912 32768 30343.04 30343.04 30343.04 45.166497226382056 45.166497226382056 45.166497226382056 180.66598890552822 180.66598890552822 180.66598890552822
 23000 32768 30013.857 30013.857 30013.857 50.22106955463938 50.22106955463938 50.22106955463938 200.8842782185575 200.8842782185575 200.8842782185575
 25296 32768 29498.943 29498.943 29498.943 56.198578233803154 56.198578233803154 56.198578233803154 224.79431293521262 224.79431293521262 224.79431293521262
 27824 32768 29770.081 29770.081 29770.081 61.25188789375481 61.25188789375481 61.25188789375481 245.00755157501925 245.00755157501925 245.00755157501925
 30600 32768 30112.064 30112.064 30112.064 66.59794559416451 66.59794559416451 66.59794559416451 266.39178237665806 266.39178237665806 266.39178237665806
 33656 16384 15070.4 15070.4 15070.4 73.17919949039175 73.17919949039175 73.17919949039175 292.716797961567 292.716797961567 292.716797961567
 37016 16384 15312.064 15312.064 15312.064 79.21468248826545 79.21468248826545 79.21468248826545 316.8587299530618 316.8587299530618 316.8587299530618
 40712 16384 14909.472 14909.472 14909.472 89.47673103380187 89.47673103380187 89.47673103380187 357.9069241352075 357.9069241352075 357.9069241352075
 44776 16384 14802.528 14802.528 14802.528 99.11955363300106 99.11955363300106 99.11955363300106 396.47821453200424 396.47821453200424 396.47821453200424
 49248 16384 14854.208 14854.208 14854.208 108.63981869649326 108.63981869649326 108.63981869649326 434.55927478597306 434.55927478597306 434.55927478597306
 54168 16384 14672.384 14672.384 14672.384 120.97400286143002 120.97400286143002 120.97400286143002 483.8960114457201 483.8960114457201 483.8960114457201
 59584 16384 14802.912 14802.912 14802.912 131.8962452793072 131.8962452793072 131.8962452793072 527.5849811172288 527.5849811172288 527.5849811172288
 65536 16384 14645.248 14645.248 14645.248 146.6334778352678 146.6334778352678 146.6334778352678 586.5339113410712 586.5339113410712 586.5339113410712
 72088 8192 7310.304 7310.304 7310.304 161.56507198606243 161.56507198606243 161.56507198606243 646.2602879442497 646.2602879442497 646.2602879442497
 79296 8192 7436.736 7436.736 7436.736 174.6983708982005 174.6983708982005 174.6983708982005 698.793483592802 698.793483592802 698.793483592802
 87224 8192 7326.688 7326.688 7326.688 195.05102660301625 195.05102660301625 195.05102660301625 780.204106412065 780.204106412065 780.204106412065
 95944 8192 7373.376 7373.376 7373.376 213.19223324566659 213.19223324566659 213.19223324566659 852.7689329826663 852.7689329826663 852.7689329826663
 105536 8192 7280.192 7280.192 7280.192 237.5077228732429 237.5077228732429 237.5077228732429 950.0308914929716 950.0308914929716 950.0308914929716
 116088 8192 7308.48 7308.48 7308.48 260.2436884276895 260.2436884276895 260.2436884276895 1040.974753710758 1040.974753710758 1040.974753710758
 127696 8192 7323.008 7323.008 7323.008 285.69834472391676 285.69834472391676 285.69834472391676 1142.793378895667 1142.793378895667 1142.793378895667
 140464 4096 3706.816 3706.816 3706.816 310.4230390718072 310.4230390718072 310.4230390718072 1241.6921562872287 1241.6921562872287 1241.6921562872287
 154504 4096 3758.432 3758.432 3758.432 336.7619177359069 336.7619177359069 336.7619177359069 1347.0476709436275 1347.0476709436275 1347.0476709436275
 169952 4096 3763.04 3763.04 3763.04 369.979267826013 369.979267826013 369.979267826013 1479.917071304052 1479.917071304052 1479.917071304052
 186944 4096 3794.144 3794.144 3794.144 403.6339284961246 403.6339284961246 403.6339284961246 1614.5357139844984 1614.5357139844984 1614.5357139844984
 205632 4096 3823.36 3823.36 3823.36 440.5908269166388 440.5908269166388 440.5908269166388 1762.363307666555 1762.363307666555 1762.363307666555
 226192 4096 3967.232 3967.232 3967.232 467.0674324062722 467.0674324062722 467.0674324062722 1868.2697296250888 1868.2697296250888 1868.2697296250888
 248808 4096 4144.896 4144.896 4144.896 491.7457846952011 491.7457846952011 491.7457846952011 1966.9831387808044 1966.9831387808044 1966.9831387808044
 273688 2048 2278.016 2278.016 2278.016 492.10631005225605 492.10631005225605 492.10631005225605 1968.4252402090242 1968.4252402090242 1968.4252402090242
 301056 2048 2438.72 2438.72 2438.72 505.6445085946727 505.6445085946727 505.6445085946727 2022.5780343786907 2022.5780343786907 2022.5780343786907
 331160 2048 2591.36 2591.36 2591.36 523.4438132872314 523.4438132872314 523.4438132872314 2093.7752531489255 2093.7752531489255 2093.7752531489255
 364272 2048 2724.224 2724.224 2724.224 547.7002302307005 547.7002302307005 547.7002302307005 2190.800920922802 2190.800920922802 2190.800920922802
 400696 2048 2846.624 2846.624 2846.624 576.5604505547624 576.5604505547624 576.5604505547624 2306.2418022190495 2306.2418022190495 2306.2418022190495
 440760 2048 3099.104 3099.104 3099.104 582.5402955176722 582.5402955176722 582.5402955176722 2330.161182070689 2330.161182070689 2330.161182070689
 484832 2048 3248.416 3248.416 3248.416 611.3354545723207 611.3354545723207 611.3354545723207 2445.341818289283 2445.341818289283 2445.341818289283
 533312 1024 1734.752 1734.752 1734.752 629.6133257088045 629.6133257088045 629.6133257088045 2518.453302835218 2518.453302835218 2518.453302835218
 586640 1024 1875.232 1875.232 1875.232 640.6880428661627 640.6880428661627 640.6880428661627 2562.752171464651 2562.752171464651 2562.752171464651
 645304 1024 2004.832 2004.832 2004.832 659.1986720084276 659.1986720084276 659.1986720084276 2636.7946880337104 2636.7946880337104 2636.7946880337104
 709832 1024 2156.16 2156.16 2156.16 674.224517661027 674.224517661027 674.224517661027 2696.898070644108 2696.898070644108 2696.898070644108
 780808 1024 2344.672 2344.672 2344.672 682.0121466883215 682.0121466883215 682.0121466883215 2728.048586753286 2728.048586753286 2728.048586753286
 858888 1024 2539.968 2539.968 2539.968 692.5294428906192 692.5294428906192 692.5294428906192 2770.1177715624767 2770.1177715624767 2770.1177715624767
 944776 1024 3059.168 3059.168 3059.168 632.4926411364136 632.4926411364136 632.4926411364136 2529.9705645456543 2529.9705645456543 2529.9705645456543
 1039248 1024 3128.96 3128.96 3128.96 680.2195950092043 680.2195950092043 680.2195950092043 2720.8783800368174 2720.8783800368174 2720.8783800368174
 1143168 512 1658.4 1658.4 1658.4 705.8635021707669 705.8635021707669 705.8635021707669 2823.4540086830675 2823.4540086830675 2823.4540086830675
 1257480 512 1944.992 1944.992 1944.992 662.0384659679835 662.0384659679835 662.0384659679835 2648.153863871934 2648.153863871934 2648.153863871934
 1383224 512 2092.0 2092.0 2092.0 677.0656673040153 677.0656673040153 677.0656673040153 2708.262669216061 2708.262669216061 2708.262669216061
 1521544 512 2272.832 2272.832 2272.832 685.5152760960776 685.5152760960776 685.5152760960776 2742.0611043843105 2742.0611043843105 2742.0611043843105
 1673696 512 2514.848 2514.848 2514.848 681.4983267378386 681.4983267378386 681.4983267378386 2725.9933069513545 2725.9933069513545 2725.9933069513545
 1841064 512 2628.608 2628.608 2628.608 717.2045188936501 717.2045188936501 717.2045188936501 2868.8180755746002 2868.8180755746002 2868.8180755746002
 2025168 512 2868.352 2868.352 2868.352 722.9838011513232 722.9838011513232 722.9838011513232 2891.9352046052927 2891.9352046052927 2891.9352046052927
 2227680 256 1574.016 1574.016 1574.016 724.6255184191266 724.6255184191266 724.6255184191266 2898.5020736765064 2898.5020736765064 2898.5020736765064
 2450448 256 1711.264 1711.264 1711.264 733.1594517269107 733.1594517269107 733.1594517269107 2932.6378069076427 2932.6378069076427 2932.6378069076427
 2695488 256 1924.928 1924.928 1924.928 716.9566113641653 716.9566113641653 716.9566113641653 2867.826445456661 2867.826445456661 2867.826445456661
 2965032 256 2056.864 2056.864 2056.864 738.0635686170792 738.0635686170792 738.0635686170792 2952.254274468317 2952.254274468317 2952.254274468317
 3261528 256 2321.376 2321.376 2321.376 719.3588354493197 719.3588354493197 719.3588354493197 2877.435341797279 2877.435341797279 2877.435341797279
 3587680 256 2488.192 2488.192 2488.192 738.2437368177375 738.2437368177375 738.2437368177375 2952.97494727095 2952.97494727095 2952.97494727095
 3946448 256 2671.936 2671.936 2671.936 756.2237179333636 756.2237179333636 756.2237179333636 3024.8948717334542 3024.8948717334542 3024.8948717334542
 4341088 128 1534.112 1534.112 1534.112 724.4050812456978 724.4050812456978 724.4050812456978 2897.6203249827913 2897.6203249827913 2897.6203249827913
 4775192 128 1678.304 1678.304 1678.304 728.3836253741873 728.3836253741873 728.3836253741873 2913.5345014967493 2913.5345014967493 2913.5345014967493
 5252704 128 1811.2 1811.2 1811.2 742.4316607773852 742.4316607773852 742.4316607773852 2969.726643109541 2969.726643109541 2969.726643109541
 5777968 128 2062.592 2062.592 2062.592 717.1364031277149 717.1364031277149 717.1364031277149 2868.5456125108594 2868.5456125108594 2868.5456125108594
 6355760 128 2208.544 2208.544 2208.544 736.7181998638017 736.7181998638017 736.7181998638017 2946.872799455207 2946.872799455207 2946.872799455207
 6991336 128 2687.424 2687.424 2687.424 665.9842347169632 665.9842347169632 665.9842347169632 2663.936938867853 2663.936938867853 2663.936938867853
 7690464 128 4128.544 4128.544 4128.544 476.8651573048514 476.8651573048514 476.8651573048514 1907.4606292194055 1907.4606292194055 1907.4606292194055
 8459504 64 2227.104 2227.104 2227.104 486.1993476730319 486.1993476730319 486.1993476730319 1944.7973906921277 1944.7973906921277 1944.7973906921277
 9305448 64 2540.192 2540.192 2540.192 468.9005177561381 468.9005177561381 468.9005177561381 1875.6020710245523 1875.6020710245523 1875.6020710245523
 10235992 64 2848.672 2848.672 2848.672 459.93606003077923 459.93606003077923 459.93606003077923 1839.744240123117 1839.744240123117 1839.744240123117
 11259584 64 3063.808 3063.808 3063.808 470.403743315508 470.403743315508 470.403743315508 1881.614973262032 1881.614973262032 1881.614973262032
 12385536 64 3380.352 3380.352 3380.352 468.989208224469 468.989208224469 468.989208224469 1875.956832897876 1875.956832897876 1875.956832897876
 13624088 64 3718.624 3718.624 3718.624 468.9592881668058 468.9592881668058 468.9592881668058 1875.837152667223 1875.837152667223 1875.837152667223
 14986496 64 4098.176 4098.176 4098.176 468.07933285442107 468.07933285442107 468.07933285442107 1872.3173314176843 1872.3173314176843 1872.3173314176843
 16485144 64 4482.464 4482.464 4482.464 470.74520442328145 470.74520442328145 470.74520442328145 1882.9808176931258 1882.9808176931258 1882.9808176931258
 18133656 32 2512.352 2512.352 2512.352 461.93924418234394 461.93924418234394 461.93924418234394 1847.7569767293758 1847.7569767293758 1847.7569767293758
 19947016 32 2748.032 2748.032 2748.032 464.5539149471331 464.5539149471331 464.5539149471331 1858.2156597885323 1858.2156597885323 1858.2156597885323
 21941712 32 3002.016 3002.016 3002.016 467.7755108567042 467.7755108567042 467.7755108567042 1871.1020434268169 1871.1020434268169 1871.1020434268169
 24135880 32 3298.624 3298.624 3298.624 468.2850546167129 468.2850546167129 468.2850546167129 1873.1402184668516 1873.1402184668516 1873.1402184668516
 26549464 32 3641.6 3641.6 3641.6 466.5986643233743 466.5986643233743 466.5986643233743 1866.3946572934972 1866.3946572934972 1866.3946572934972
 29204408 32 4010.08 4010.08 4010.08 466.0959661652635 466.0959661652635 466.0959661652635 1864.383864661054 1864.383864661054 1864.383864661054
 32124848 32 4421.408 4421.408 4421.408 465.0080408774761 465.0080408774761 465.0080408774761 1860.0321635099044 1860.0321635099044 1860.0321635099044
 35337328 16 2600.224 2600.224 2600.224 434.8834931144393 434.8834931144393 434.8834931144393 1739.5339724577573 1739.5339724577573 1739.5339724577573
 38871056 16 2684.096 2684.096 2684.096 463.42373447149436 463.42373447149436 463.42373447149436 1853.6949378859774 1853.6949378859774 1853.6949378859774
 42758160 16 2947.52 2947.52 2947.52 464.20757789599395 464.20757789599395 464.20757789599395 1856.8303115839758 1856.8303115839758 1856.8303115839758
 47033976 16 3255.072 3255.072 3255.072 462.3821629751969 462.3821629751969 462.3821629751969 1849.5286519007875 1849.5286519007875 1849.5286519007875
 51737368 16 3559.904 3559.904 3559.904 465.0675344054222 465.0675344054222 465.0675344054222 1860.2701376216887 1860.2701376216887 1860.2701376216887
 56911104 16 3914.08 3914.08 3914.08 465.28311327310627 465.28311327310627 465.28311327310627 1861.132453092425 1861.132453092425 1861.132453092425
 62602208 16 4323.392 4323.392 4323.392 463.35623880508643 463.35623880508643 463.35623880508643 1853.4249552203457 1853.4249552203457 1853.4249552203457
 68862424 8 2387.936 2387.936 2387.936 461.4021414309261 461.4021414309261 461.4021414309261 1845.6085657237045 1845.6085657237045 1845.6085657237045
 75748664 8 2635.104 2635.104 2635.104 459.9357839386985 459.9357839386985 459.9357839386985 1839.743135754794 1839.743135754794 1839.743135754794
 83323528 8 2901.536 2901.536 2901.536 459.4726544836941 459.4726544836941 459.4726544836941 1837.8906179347764 1837.8906179347764 1837.8906179347764
 91655880 8 3189.408 3189.408 3189.408 459.80134244348795 459.80134244348795 459.80134244348795 1839.2053697739518 1839.2053697739518 1839.2053697739518
 100821464 8 3503.648 3503.648 3503.648 460.41823379517575 460.41823379517575 460.41823379517575 1841.672935180703 1841.672935180703 1841.672935180703
 110903608 8 3842.528 3842.528 3842.528 461.7943520515661 461.7943520515661 461.7943520515661 1847.1774082062643 1847.1774082062643 1847.1774082062643
 121993968 8 4229.184 4229.184 4229.184 461.5319380759976 461.5319380759976 461.5319380759976 1846.1277523039903 1846.1277523039903 1846.1277523039903
 134193360 8 4661.12 4661.12 4661.12 460.63902238088707 460.63902238088707 460.63902238088707 1842.5560895235483 1842.5560895235483 1842.5560895235483
 147612696 4 2603.232 2603.232 2603.232 453.6290150090349 453.6290150090349 453.6290150090349 1814.5160600361396 1814.5160600361396 1814.5160600361396
 162373960 4 2848.736 2848.736 2848.736 455.98878941397174 455.98878941397174 455.98878941397174 1823.955157655887 1823.955157655887 1823.955157655887
 178611352 4 3123.136 3123.136 3123.136 457.51796143363595 457.51796143363595 457.51796143363595 1830.0718457345438 1830.0718457345438 1830.0718457345438
 196472480 4 3433.152 3433.152 3433.152 457.8241336241448 457.8241336241448 457.8241336241448 1831.2965344965792 1831.2965344965792 1831.2965344965792
 216119728 4 3756.16 3756.16 3756.16 460.29930141421033 460.29930141421033 460.29930141421033 1841.1972056568413 1841.1972056568413 1841.1972056568413
 237731696 4 4115.808 4115.808 4115.808 462.0851040670507 462.0851040670507 462.0851040670507 1848.3404162682027 1848.3404162682027 1848.3404162682027
 261504864 4 4538.656 4538.656 4538.656 460.93797635247086 460.93797635247086 460.93797635247086 1843.7519054098834 1843.7519054098834 1843.7519054098834
 287655344 2 2528.832 2528.832 2528.832 455.0011135575633 455.0011135575633 455.0011135575633 1820.0044542302533 1820.0044542302533 1820.0044542302533
 316420872 2 2770.752 2770.752 2770.752 456.80143441202966 456.80143441202966 456.80143441202966 1827.2057376481187 1827.2057376481187 1827.2057376481187
 348062952 2 3050.496 3050.496 3050.496 456.40178121852966 456.40178121852966 456.40178121852966 1825.6071248741187 1825.6071248741187 1825.6071248741187
 382869240 2 3330.368 3330.368 3330.368 459.8521724926495 459.8521724926495 459.8521724926495 1839.408689970598 1839.408689970598 1839.408689970598
 421156160 2 3663.968 3663.968 3663.968 459.7814828077102 459.7814828077102 459.7814828077102 1839.1259312308407 1839.1259312308407 1839.1259312308407
 463271776 2 4023.936 4023.936 4023.936 460.5160479689537 460.5160479689537 460.5160479689537 1842.064191875815 1842.064191875815 1842.064191875815
 509598952 2 4419.488 4419.488 4419.488 461.2289495977815 461.2289495977815 461.2289495977815 1844.915798391126 1844.915798391126 1844.915798391126
 560558840 1 2556.992 2556.992 2556.992 438.4517745851375 438.4517745851375 438.4517745851375 1753.80709834055 1753.80709834055 1753.80709834055
 616614720 1 2843.136 2843.136 2843.136 433.7567531064289 433.7567531064289 433.7567531064289 1735.0270124257156 1735.0270124257156 1735.0270124257156
 678276192 1 2986.784 2986.784 2986.784 454.1849641621222 454.1849641621222 454.1849641621222 1816.7398566484887 1816.7398566484887 1816.7398566484887
 746103808 1 3270.24 3270.24 3270.24 456.2991144380841 456.2991144380841 456.2991144380841 1825.1964577523363 1825.1964577523363 1825.1964577523363
 820714184 1 3581.728 3581.728 3581.728 458.2783416272815 458.2783416272815 458.2783416272815 1833.113366509126 1833.113366509126 1833.113366509126
 902785600 1 3935.424 3935.424 3935.424 458.7996617391163 458.7996617391163 458.7996617391163 1835.1986469564652 1835.1986469564652 1835.1986469564652
 993064160 1 4494.496 4494.496 4494.496 441.90234455654206 441.90234455654206 441.90234455654206 1767.6093782261682 1767.6093782261682 1767.6093782261682
 
META_DATA
 FLOPS          64
 GPU_BLOCKS     2560
 GPU_THREADS    64
 ERT_VERSION  1.1.0
 HOSTNAME  ('kp361.kingspeak.peaks', ['kp361'], ['10.242.2.107'])
 UNAME  uname_result(system='Linux', node='kp361', release='3.10.0-957.27.2.el7.x86_64', version='#1 SMP Mon Jul 29 17:46:05 UTC 2019', machine='x86_64', processor='x86_64')
 TIMESTAMP_DATA  1617136432.130053
 CONFIG  {'ERT_RESULTS': ['Results/Results.kingspeak-p100-gpu.01'], 'ERT_DRIVER': ['driver1'], 'ERT_KERNEL': ['kernel1'], 'ERT_GPU': ['True'], 'ERT_GPU_CFLAGS': ['-x', 'cu', '-arch=sm_60'], 'ERT_GPU_LDFLAGS': [], 'ERT_FLOPS': ['1,64,256,512,1024'], 'ERT_ALIGN': ['32'], 'ERT_CC': ['nvcc'], 'ERT_CFLAGS': ['-O3', '-std=c++11'], 'ERT_LD': ['nvcc'], 'ERT_LDFLAGS': [], 'ERT_LDLIBS': [], 'ERT_RUN': ['srun', '-n', '1', './ERT_CODE'], 'ERT_PRECISION': ['FP64'], 'ERT_BLOCKS_THREADS': ['163840'], 'ERT_GPU_BLOCKS': ['160,320,640,1280,2560'], 'ERT_GPU_THREADS': ['1024,512,256,128,64'], 'ERT_NUM_EXPERIMENTS': ['1'], 'ERT_MEMORY_MAX': ['1073741824'], 'ERT_WORKING_SET_MIN': ['128'], 'ERT_TRIALS_MIN': ['1'], 'ERT_GNUPLOT': ['gnuplot'], 'ERT_MPI': [False], 'ERT_OPENMP': [False], 'ERT_HIP': [False], 'ERT_OCL': [False], 'ERT_SYCL': [False], 'ERT_WSS_MULT': [1.1]}
 