fp64
 1024 1048576 2425155.762 2425155.762 2425155.762 0.8855033897818559 0.8855033897818559 0.8855033897818559 28.33610847301939 28.33610847301939 28.33610847301939
 1120 524288 1237979.004 1237979.004 1237979.004 0.9486470418362605 0.9486470418362605 0.9486470418362605 30.356705338760335 30.356705338760335 30.356705338760335
 1232 524288 1235506.226 1235506.226 1235506.226 1.0456002606983221 1.0456002606983221 1.0456002606983221 33.45920834234631 33.45920834234631 33.45920834234631
 1352 524288 1238365.479 1238365.479 1238365.479 1.14479511585287 1.14479511585287 1.14479511585287 36.63344370729184 36.63344370729184 36.63344370729184
 1480 524288 1261917.603 1261917.603 1261917.603 1.2297890736373223 1.2297890736373223 1.2297890736373223 39.35325035639431 39.35325035639431 39.35325035639431
 1624 524288 1289546.509 1289546.509 1289546.509 1.3205319948642504 1.3205319948642504 1.3205319948642504 42.257023835656014 42.257023835656014 42.257023835656014
 1784 524288 1242976.807 1242976.807 1242976.807 1.5049834988594442 1.5049834988594442 1.5049834988594442 48.15947196350221 48.15947196350221 48.15947196350221
 1960 524288 1294547.241 1294547.241 1294547.241 1.5875890001607134 1.5875890001607134 1.5875890001607134 50.80284800514283 50.80284800514283 50.80284800514283
 2152 262144 637476.318 637476.318 637476.318 1.769897554060981 1.769897554060981 1.769897554060981 56.63672172995139 56.63672172995139 56.63672172995139
 2360 262144 637423.462 637423.462 637423.462 1.941126666592639 1.941126666592639 1.941126666592639 62.11605333096445 62.11605333096445 62.11605333096445
 2592 262144 647656.067 647656.067 647656.067 2.0982656771746107 2.0982656771746107 2.0982656771746107 67.14450166958754 67.14450166958754 67.14450166958754
 2848 262144 637421.814 637421.814 637421.814 2.3425182370680524 2.3425182370680524 2.3425182370680524 74.96058358617768 74.96058358617768 74.96058358617768
 3128 262144 647764.832 647764.832 647764.832 2.5317411242233043 2.5317411242233043 2.5317411242233043 81.01571597514574 81.01571597514574 81.01571597514574
 3440 262144 637349.854 637349.854 637349.854 2.8297656439096004 2.8297656439096004 2.8297656439096004 90.55250060510721 90.55250060510721 90.55250060510721
 3784 262144 647838.074 647838.074 647838.074 3.062348249695494 3.062348249695494 3.062348249695494 97.99514399025581 97.99514399025581 97.99514399025581
 4160 131072 320807.159 320807.159 320807.159 3.3992977070689374 3.3992977070689374 3.3992977070689374 108.777526626206 108.777526626206 108.777526626206
 4576 131072 318642.914 318642.914 318642.914 3.764624572821977 3.764624572821977 3.764624572821977 120.46798633030326 120.46798633030326 120.46798633030326
 5032 131072 325716.98 325716.98 325716.98 4.04986134895393 4.04986134895393 4.04986134895393 129.59556316652575 129.59556316652575 129.59556316652575
 5528 131072 324039.948 324039.948 324039.948 4.472078337699277 4.472078337699277 4.472078337699277 143.10650680637687 143.10650680637687 143.10650680637687
 6080 131072 325987.122 325987.122 325987.122 4.88925915300421 4.88925915300421 4.88925915300421 156.45629289613473 156.45629289613473 156.45629289613473
 6688 131072 323848.48 323848.48 323848.48 5.413701716308812 5.413701716308812 5.413701716308812 173.23845492188198 173.23845492188198 173.23845492188198
 7352 131072 326242.493 326242.493 326242.493 5.9075158183026755 5.9075158183026755 5.9075158183026755 189.04050618568562 189.04050618568562 189.04050618568562
 8080 131072 323918.549 323918.549 323918.549 6.539062139352817 6.539062139352817 6.539062139352817 209.24998845929014 209.24998845929014 209.24998845929014
 8888 65536 163162.72 163162.72 163162.72 7.139914902129604 7.139914902129604 7.139914902129604 228.47727686814733 228.47727686814733 228.47727686814733
 9776 65536 162195.709 162195.709 162195.709 7.9000849029859355 7.9000849029859355 7.9000849029859355 252.80271689554993 252.80271689554993 252.80271689554993
 10752 65536 161943.832 161943.832 161943.832 8.702314417260425 8.702314417260425 8.702314417260425 278.4740613523336 278.4740613523336 278.4740613523336
 11824 65536 163016.159 163016.159 163016.159 9.50700432096428 9.50700432096428 9.50700432096428 304.22413827085694 304.22413827085694 304.22413827085694
 13000 65536 160496.155 160496.155 160496.155 10.616678013252093 10.616678013252093 10.616678013252093 339.733696424067 339.733696424067 339.733696424067
 14296 65536 161951.462 161951.462 161951.462 11.57016607852543 11.57016607852543 11.57016607852543 370.24531451281376 370.24531451281376 370.24531451281376
 15720 65536 163108.124 163108.124 163108.124 12.632429271272837 12.632429271272837 12.632429271272837 404.2377366807308 404.2377366807308 404.2377366807308
 17288 32768 81481.277 81481.277 81481.277 13.904867593079082 13.904867593079082 13.904867593079082 444.95576297853063 444.95576297853063 444.95576297853063
 19016 32768 81287.903 81287.903 81287.903 15.331095156926361 15.331095156926361 15.331095156926361 490.59504502164356 490.59504502164356 490.59504502164356
 20912 32768 81665.054 81665.054 81665.054 16.781827291756887 16.781827291756887 16.781827291756887 537.0184733362204 537.0184733362204 537.0184733362204
 23000 32768 81614.044 81614.044 81614.044 18.46897820674099 18.46897820674099 18.46897820674099 591.0073026157116 591.0073026157116 591.0073026157116
 25296 32768 81589.119 81589.119 81589.119 20.31886943159663 20.31886943159663 20.31886943159663 650.2038218110922 650.2038218110922 650.2038218110922
 27824 32768 81411.453 81411.453 81411.453 22.398244925072152 22.398244925072152 22.398244925072152 716.7438376023089 716.7438376023089 716.7438376023089
 30600 32768 81563.232 81563.232 81563.232 24.587078648379208 24.587078648379208 24.587078648379208 786.7865167481347 786.7865167481347 786.7865167481347
 33656 16384 40512.798 40512.798 40512.798 27.222010387927288 27.222010387927288 27.222010387927288 871.1043324136732 871.1043324136732 871.1043324136732
 37016 16384 40753.056 40753.056 40753.056 29.76317378505308 29.76317378505308 29.76317378505308 952.4215611216986 952.4215611216986 952.4215611216986
 40712 16384 40763.554 40763.554 40763.554 32.726558042510234 32.726558042510234 32.726558042510234 1047.2498573603275 1047.2498573603275 1047.2498573603275
 44776 16384 40473.728 40473.728 40473.728 36.25116935114057 36.25116935114057 36.25116935114057 1160.0374192364982 1160.0374192364982 1160.0374192364982
 49248 16384 40721.825 40721.825 40721.825 39.628834513187954 39.628834513187954 39.628834513187954 1268.1227044220145 1268.1227044220145 1268.1227044220145
 54168 16384 40745.697 40745.697 40745.697 43.56231834738279 43.56231834738279 43.56231834738279 1393.9941871162493 1393.9941871162493 1393.9941871162493
 59584 16384 40098.751 40098.751 40098.751 48.69100566249558 48.69100566249558 48.69100566249558 1558.1121811998585 1558.1121811998585 1558.1121811998585
 65536 16384 40385.696 40385.696 40385.696 53.17436272486179 53.17436272486179 53.17436272486179 1701.5796071955772 1701.5796071955772 1701.5796071955772
 72088 8192 20064.48 20064.48 20064.48 58.8647097756832 58.8647097756832 58.8647097756832 1883.6707128218625 1883.6707128218625 1883.6707128218625
 79296 8192 19715.233 19715.233 19715.233 65.89755566165513 65.89755566165513 65.89755566165513 2108.7217811729643 2108.7217811729643 2108.7217811729643
 87224 8192 19927.04 19927.04 19927.04 71.71551901336075 71.71551901336075 71.71551901336075 2294.896608427544 2294.896608427544 2294.896608427544
 95944 8192 19944.063 19944.063 19944.063 78.81776626959112 78.81776626959112 78.81776626959112 2522.168520626916 2522.168520626916 2522.168520626916
 105536 8192 19911.264 19911.264 19911.264 86.84038461847526 86.84038461847526 86.84038461847526 2778.892307791208 2778.892307791208 2778.892307791208
 116088 8192 29657.12 29657.12 29657.12 64.1325183294939 64.1325183294939 64.1325183294939 2052.240586543805 2052.240586543805 2052.240586543805
 127696 8192 36343.552 36343.552 36343.552 57.56650489198194 57.56650489198194 57.56650489198194 1842.1281565434222 1842.1281565434222 1842.1281565434222
 140464 4096 17858.688 17858.688 17858.688 64.43256570695452 64.43256570695452 64.43256570695452 2061.8421026225446 2061.8421026225446 2061.8421026225446
 154504 4096 17932.287 17932.287 17932.287 70.58200484968816 70.58200484968816 70.58200484968816 2258.624155190021 2258.624155190021 2258.624155190021
 169952 4096 18408.257 18408.257 18408.257 75.63164638564096 75.63164638564096 75.63164638564096 2420.212684340511 2420.212684340511 2420.212684340511
 186944 4096 18385.632 18385.632 18385.632 83.29576312633691 83.29576312633691 83.29576312633691 2665.464420042781 2665.464420042781 2665.464420042781
 205632 4096 18227.2 18227.2 18227.2 92.41887640449437 92.41887640449437 92.41887640449437 2957.40404494382 2957.40404494382 2957.40404494382
 226192 4096 18206.017 18206.017 18206.017 101.77760813911136 101.77760813911136 101.77760813911136 3256.8834604515637 3256.8834604515637 3256.8834604515637
 248808 4096 26715.616 26715.616 26715.616 76.29377275073874 76.29377275073874 76.29377275073874 2441.4007280236397 2441.4007280236397 2441.4007280236397
 273688 2048 13331.168 13331.168 13331.168 84.09060991505021 84.09060991505021 84.09060991505021 2690.8995172816067 2690.8995172816067 2690.8995172816067
 301056 2048 13395.84 13395.84 13395.84 92.05285939515551 92.05285939515551 92.05285939515551 2945.6915006449763 2945.6915006449763 2945.6915006449763
 331160 2048 13400.32 13400.32 13400.32 101.22380361066004 101.22380361066004 101.22380361066004 3239.1617155411213 3239.1617155411213 3239.1617155411213
 364272 2048 17372.929 17372.929 17372.929 85.88408506130429 85.88408506130429 85.88408506130429 2748.2907219617373 2748.2907219617373 2748.2907219617373
 400696 2048 17466.047 17466.047 17466.047 93.9680750887708 93.9680750887708 93.9680750887708 3006.9784028406657 3006.9784028406657 3006.9784028406657
 440760 2048 17485.249 17485.249 17485.249 103.2500572339576 103.2500572339576 103.2500572339576 3304.0018314866434 3304.0018314866434 3304.0018314866434
 484832 2048 21561.504 21561.504 21561.504 92.1026599999703 92.1026599999703 92.1026599999703 2947.2851199990496 2947.2851199990496 2947.2851199990496
 533312 1024 10776.832 10776.832 10776.832 101.34916977456825 101.34916977456825 101.34916977456825 3243.173432786184 3243.173432786184 3243.173432786184
 586640 1024 12805.504 12805.504 12805.504 93.82205651569825 93.82205651569825 93.82205651569825 3002.305808502344 3002.305808502344 3002.305808502344
 645304 1024 14353.216 14353.216 14353.216 92.07571264864961 92.07571264864961 92.07571264864961 2946.4228047567876 2946.4228047567876 2946.4228047567876
 709832 1024 16464.895 16464.895 16464.895 88.29305841306609 88.29305841306609 88.29305841306609 2825.377869218115 2825.377869218115 2825.377869218115
 780808 1024 16469.313 16469.313 16469.313 97.09541521252284 97.09541521252284 97.09541521252284 3107.053286800731 3107.053286800731 3107.053286800731
 858888 1024 20377.888 20377.888 20377.888 86.31918204673615 86.31918204673615 86.31918204673615 2762.2138254955566 2762.2138254955566 2762.2138254955566
 944776 1024 23185.057 23185.057 23185.057 83.45466858244083 83.45466858244083 83.45466858244083 2670.5493946381066 2670.5493946381066 2670.5493946381066
 1039248 1024 23177.183 23177.183 23177.183 91.83082793107342 91.83082793107342 91.83082793107342 2938.5864937943493 2938.5864937943493 2938.5864937943493
 1143168 512 12801.888 12801.888 12801.888 91.43995260699046 91.43995260699046 91.43995260699046 2926.0784834236947 2926.0784834236947 2926.0784834236947
 1257480 512 16290.367 16290.367 16290.367 79.04423024969297 79.04423024969297 79.04423024969297 2529.415367990175 2529.415367990175 2529.415367990175
 1383224 512 17617.023 17617.023 17617.023 80.40072241490516 80.40072241490516 80.40072241490516 2572.823117276965 2572.823117276965 2572.823117276965
 1521544 512 16280.416 16280.416 16280.416 95.70155062376786 95.70155062376786 95.70155062376786 3062.4496199605715 3062.4496199605715 3062.4496199605715
 1673696 512 17425.856 17425.856 17425.856 98.35182294631609 98.35182294631609 98.35182294631609 3147.258334282115 3147.258334282115 3147.258334282115
 1841064 512 20854.015 20854.015 20854.015 90.40223362263814 90.40223362263814 90.40223362263814 2892.8714759244203 2892.8714759244203 2892.8714759244203
 2025168 512 20835.873 20835.873 20835.873 99.52892456198019 99.52892456198019 99.52892456198019 3184.925585983366 3184.925585983366 3184.925585983366
 2227680 256 12751.968 12751.968 12751.968 89.4428342354686 89.4428342354686 89.4428342354686 2862.170695534995 2862.170695534995 2862.170695534995
 2450448 256 14672.64 14672.64 14672.64 85.50808688824915 85.50808688824915 85.50808688824915 2736.258780423973 2736.258780423973 2736.258780423973
 2695488 256 17505.184 17505.184 17505.184 78.83892314413832 78.83892314413832 78.83892314413832 2522.8455406124262 2522.8455406124262 2522.8455406124262
 2965032 256 15623.84 15623.84 15623.84 97.16538213396962 97.16538213396962 97.16538213396962 3109.2922282870277 3109.2922282870277 3109.2922282870277
 3261528 256 17946.72 17946.72 17946.72 93.0477734092915 93.0477734092915 93.0477734092915 2977.528749097328 2977.528749097328 2977.528749097328
 3587680 256 21390.944 21390.944 21390.944 85.87242152566994 85.87242152566994 85.87242152566994 2747.917488821438 2747.917488821438 2747.917488821438
 3946448 256 25762.943 25762.943 25762.943 78.42975765618081 78.42975765618081 78.42975765618081 2509.752244997786 2509.752244997786 2509.752244997786
 4341088 128 11285.76 11285.76 11285.76 98.47086310536463 98.47086310536463 98.47086310536463 3151.067619371668 3151.067619371668 3151.067619371668
 4775192 128 13309.632 13309.632 13309.632 91.84695354462092 91.84695354462092 91.84695354462092 2939.1025134278693 2939.1025134278693 2939.1025134278693
 5252704 128 16209.791 16209.791 16209.791 82.95555593529863 82.95555593529863 82.95555593529863 2654.5777899295563 2654.5777899295563 2654.5777899295563
 5777968 128 16308.512 16308.512 16308.512 90.69863688361022 90.69863688361022 90.69863688361022 2902.356380275527 2902.356380275527 2902.356380275527
 6355760 128 18496.161 18496.161 18496.161 87.96823081286976 87.96823081286976 87.96823081286976 2814.9833860118324 2814.9833860118324 2814.9833860118324
 6991336 128 21000.481 21000.481 21000.481 85.22576297181001 85.22576297181001 85.22576297181001 2727.2244150979204 2727.2244150979204 2727.2244150979204
 7690464 128 21987.616 21987.616 21987.616 89.53943820012137 89.53943820012137 89.53943820012137 2865.2620224038837 2865.2620224038837 2865.2620224038837
 8459504 64 11145.216 11145.216 11145.216 97.15527379639836 97.15527379639836 97.15527379639836 3108.9687614847476 3108.9687614847476 3108.9687614847476
 9305448 64 13316.096 13316.096 13316.096 89.44793909566287 89.44793909566287 89.44793909566287 2862.334051061212 2862.334051061212 2862.334051061212
 10235992 64 14319.968 14319.968 14319.968 91.49510501699444 91.49510501699444 91.49510501699444 2927.843360543822 2927.843360543822 2927.843360543822
 11259584 64 16165.825 16165.825 16165.825 89.15268796983759 89.15268796983759 89.15268796983759 2852.8860150348028 2852.8860150348028 2852.8860150348028
 12385536 64 17653.313 17653.313 17653.313 89.80459407251207 89.80459407251207 89.80459407251207 2873.7470103203864 2873.7470103203864 2873.7470103203864
 13624088 64 19380.384 19380.384 19380.384 89.9818736305741 89.9818736305741 89.9818736305741 2879.419956178371 2879.419956178371 2879.419956178371
 14986496 64 21421.024 21421.024 21421.024 89.55087711959989 89.55087711959989 89.55087711959989 2865.6280678271964 2865.6280678271964 2865.6280678271964
 16485144 64 23406.303 23406.303 23406.303 90.1508637224768 90.1508637224768 90.1508637224768 2884.8276391192576 2884.8276391192576 2884.8276391192576
 18133656 32 14812.512 14812.512 14812.512 78.34957257756146 78.34957257756146 78.34957257756146 2507.1863224819667 2507.1863224819667 2507.1863224819667
 19947016 32 14333.216 14333.216 14333.216 89.06647496277179 89.06647496277179 89.06647496277179 2850.1271988086974 2850.1271988086974 2850.1271988086974
 21941712 32 15632.736 15632.736 15632.736 89.82877776481352 89.82877776481352 89.82877776481352 2874.5208884740327 2874.5208884740327 2874.5208884740327
 24135880 32 17297.152 17297.152 17297.152 89.30350614945165 89.30350614945165 89.30350614945165 2857.712196782453 2857.712196782453 2857.712196782453
 26549464 32 20391.905 20391.905 20391.905 83.32550078082456 83.32550078082456 83.32550078082456 2666.4160249863858 2666.4160249863858 2666.4160249863858
 29204408 32 20913.376 20913.376 20913.376 89.37256768108603 89.37256768108603 89.37256768108603 2859.922165794753 2859.922165794753 2859.922165794753
 32124848 32 22939.808 22939.808 22939.808 89.62543505159239 89.62543505159239 89.62543505159239 2868.0139216509565 2868.0139216509565 2868.0139216509565
 35337328 16 12706.528 12706.528 12706.528 88.99319279035154 88.99319279035154 88.99319279035154 2847.7821692912494 2847.7821692912494 2847.7821692912494
 38871056 16 12894.688 12894.688 12894.688 96.46404721075842 96.46404721075842 96.46404721075842 3086.8495107442695 3086.8495107442695 3086.8495107442695
 42758160 16 14178.464 14178.464 14178.464 96.5027749127127 96.5027749127127 96.5027749127127 3088.0887972068062 3088.0887972068062 3088.0887972068062
 47033976 16 15629.12 15629.12 15629.12 96.30019041379168 96.30019041379168 96.30019041379168 3081.606093241334 3081.606093241334 3081.606093241334
 51737368 16 19698.656 19698.656 19698.656 84.04612862928315 84.04612862928315 84.04612862928315 2689.4761161370607 2689.4761161370607 2689.4761161370607
 56911104 16 18847.233 18847.233 18847.233 96.62719869807944 96.62719869807944 96.62719869807944 3092.070358338542 3092.070358338542 3092.070358338542
 62602208 16 20827.488 20827.488 20827.488 96.18397840392466 96.18397840392466 96.18397840392466 3077.887308925589 3077.887308925589 3077.887308925589
 68862424 8 11424.576 11424.576 11424.576 96.4411094118504 96.4411094118504 96.4411094118504 3086.115501179213 3086.115501179213 3086.115501179213
 75748664 8 13637.632 13637.632 13637.632 88.87016631626369 88.87016631626369 88.87016631626369 2843.845322120438 2843.845322120438 2843.845322120438
 83323528 8 14950.816 14950.816 14950.816 89.1708150244107 89.1708150244107 89.1708150244107 2853.4660807811424 2853.4660807811424 2853.4660807811424
 91655880 8 16372.0 16372.0 16372.0 89.57330075739065 89.57330075739065 89.57330075739065 2866.345624236501 2866.345624236501 2866.345624236501
 100821464 8 18114.176 18114.176 18114.176 89.05419843552365 89.05419843552365 89.05419843552365 2849.7343499367566 2849.7343499367566 2849.7343499367566
 110903608 8 18374.496 18374.496 18374.496 96.57177688030191 96.57177688030191 96.57177688030191 3090.296860169661 3090.296860169661 3090.296860169661
 121993968 8 20219.999 20219.999 20219.999 96.53331278601942 96.53331278601942 96.53331278601942 3089.0660091526215 3089.0660091526215 3089.0660091526215
 134193360 8 22234.943 22234.943 22234.943 96.5639426195066 96.5639426195066 96.5639426195066 3090.0461638242114 3090.0461638242114 3090.0461638242114
 147612696 4 12246.432 12246.432 12246.432 96.42821419332584 96.42821419332584 96.42821419332584 3085.702854186427 3085.702854186427 3085.702854186427
 162373960 4 13474.56 13474.56 13474.56 96.40327253728508 96.40327253728508 96.40327253728508 3084.9047211931224 3084.9047211931224 3084.9047211931224
 178611352 4 14804.672 14804.672 14804.672 96.51620893728683 96.51620893728683 96.51620893728683 3088.5186859931787 3088.5186859931787 3088.5186859931787
 196472480 4 16295.904 16295.904 16295.904 96.45244841894012 96.45244841894012 96.45244841894012 3086.478349406084 3086.478349406084 3086.478349406084
 216119728 4 19356.417 19356.417 19356.417 89.32220379422493 89.32220379422493 89.32220379422493 2858.310521415198 2858.310521415198 2858.310521415198
 237731696 4 19708.288 19708.288 19708.288 96.50019159452104 96.50019159452104 96.50019159452104 3088.0061310246733 3088.0061310246733 3088.0061310246733
 261504864 4 21660.353 21660.353 21660.353 96.58378660772519 96.58378660772519 96.58378660772519 3090.681171447206 3090.681171447206 3090.681171447206
 287655344 2 12912.384 12912.384 12912.384 89.10990999028529 89.10990999028529 89.10990999028529 2851.5171196891292 2851.5171196891292 2851.5171196891292
 316420872 2 14205.664 14205.664 14205.664 89.09710155048015 89.09710155048015 89.09710155048015 2851.1072496153647 2851.1072496153647 2851.1072496153647
 348062952 2 15679.648 15679.648 15679.648 88.79356271263231 88.79356271263231 88.79356271263231 2841.394006804234 2841.394006804234 2841.394006804234
 382869240 2 17176.319 17176.319 17176.319 89.16211674922899 89.16211674922899 89.16211674922899 2853.1877359753275 2853.1877359753275 2853.1877359753275
 421156160 2 18900.64 18900.64 18900.64 89.13056065826342 89.13056065826342 89.13056065826342 2852.1779410644294 2852.1779410644294 2852.1779410644294
 463271776 2 20787.041 20787.041 20787.041 89.14626684962039 89.14626684962039 89.14626684962039 2852.6805391878524 2852.6805391878524 2852.6805391878524
 509598952 2 19478.176 19478.176 19478.176 104.65024076176333 104.65024076176333 104.65024076176333 3348.8077043764265 3348.8077043764265 3348.8077043764265
 560558840 1 10729.536 10729.536 10729.536 104.48892477736223 104.48892477736223 104.48892477736223 3343.6455928755913 3343.6455928755913 3343.6455928755913
 616614720 1 11807.36 11807.36 11807.36 104.4458236218765 104.4458236218765 104.4458236218765 3342.266355900048 3342.266355900048 3342.266355900048
 678276192 1 14055.008 14055.008 14055.008 96.5173683287836 96.5173683287836 96.5173683287836 3088.5557865210753 3088.5557865210753 3088.5557865210753
 746103808 1 14273.856 14273.856 14273.856 104.541310771245 104.541310771245 104.541310771245 3345.32194467984 3345.32194467984 3345.32194467984
 820714184 1 16704.544 16704.544 16704.544 98.26238704869763 98.26238704869763 98.26238704869763 3144.3963855583243 3144.3963855583243 3144.3963855583243
 902785600 1 18344.353 18344.353 18344.353 98.42654030916216 98.42654030916216 98.42654030916216 3149.6492898931892 3149.6492898931892 3149.6492898931892
 993064160 1 20181.856 20181.856 20181.856 98.41157919271646 98.41157919271646 98.41157919271646 3149.1705341669267 3149.1705341669267 3149.1705341669267
 
META_DATA
 FLOPS          512
 GPU_BLOCKS     640
 GPU_THREADS    256
 ERT_VERSION  1.1.0
 HOSTNAME  ('kp361.kingspeak.peaks', ['kp361'], ['10.242.2.107'])
 UNAME  uname_result(system='Linux', node='kp361', release='3.10.0-957.27.2.el7.x86_64', version='#1 SMP Mon Jul 29 17:46:05 UTC 2019', machine='x86_64', processor='x86_64')
 TIMESTAMP_DATA  1617136909.1322842
 CONFIG  {'ERT_RESULTS': ['Results/Results.kingspeak-p100-gpu.01'], 'ERT_DRIVER': ['driver1'], 'ERT_KERNEL': ['kernel1'], 'ERT_GPU': ['True'], 'ERT_GPU_CFLAGS': ['-x', 'cu', '-arch=sm_60'], 'ERT_GPU_LDFLAGS': [], 'ERT_FLOPS': ['1,64,256,512,1024'], 'ERT_ALIGN': ['32'], 'ERT_CC': ['nvcc'], 'ERT_CFLAGS': ['-O3', '-std=c++11'], 'ERT_LD': ['nvcc'], 'ERT_LDFLAGS': [], 'ERT_LDLIBS': [], 'ERT_RUN': ['srun', '-n', '1', './ERT_CODE'], 'ERT_PRECISION': ['FP64'], 'ERT_BLOCKS_THREADS': ['163840'], 'ERT_GPU_BLOCKS': ['160,320,640,1280,2560'], 'ERT_GPU_THREADS': ['1024,512,256,128,64'], 'ERT_NUM_EXPERIMENTS': ['1'], 'ERT_MEMORY_MAX': ['1073741824'], 'ERT_WORKING_SET_MIN': ['128'], 'ERT_TRIALS_MIN': ['1'], 'ERT_GNUPLOT': ['gnuplot'], 'ERT_MPI': [False], 'ERT_OPENMP': [False], 'ERT_HIP': [False], 'ERT_OCL': [False], 'ERT_SYCL': [False], 'ERT_WSS_MULT': [1.1]}
 