fp64
 1024 1048576 735464.966 735464.966 735464.966 2.9198993116961063 2.9198993116961063 2.9198993116961063 0.18249370698100664 0.18249370698100664 0.18249370698100664
 1120 524288 388501.282 388501.282 388501.282 3.0229118265818236 3.0229118265818236 3.0229118265818236 0.18893198916136397 0.18893198916136397 0.18893198916136397
 1232 524288 399140.961 399140.961 399140.961 3.236564918728048 3.236564918728048 3.236564918728048 0.202285307420503 0.202285307420503 0.202285307420503
 1352 524288 399071.625 399071.625 399071.625 3.5524318523022025 3.5524318523022025 3.5524318523022025 0.22202699076888766 0.22202699076888766 0.22202699076888766
 1480 524288 389455.017 389455.017 389455.017 3.9847797878028106 3.9847797878028106 3.9847797878028106 0.24904873673767566 0.24904873673767566 0.24904873673767566
 1624 524288 378147.339 378147.339 378147.339 4.503237887388651 4.503237887388651 4.503237887388651 0.2814523679617907 0.2814523679617907 0.2814523679617907
 1784 524288 388683.167 388683.167 388683.167 4.812813475917777 4.812813475917777 4.812813475917777 0.3008008422448611 0.3008008422448611 0.3008008422448611
 1960 524288 399094.177 399094.177 399094.177 5.149684155877823 5.149684155877823 5.149684155877823 0.32185525974236395 0.32185525974236395 0.32185525974236395
 2152 262144 203994.812 203994.812 203994.812 5.530865049646459 5.530865049646459 5.530865049646459 0.3456790656029037 0.3456790656029037 0.3456790656029037
 2360 262144 198704.575 198704.575 198704.575 6.226931010521523 6.226931010521523 6.226931010521523 0.3891831881575952 0.3891831881575952 0.3891831881575952
 2592 262144 199686.905 199686.905 199686.905 6.805426204587627 6.805426204587627 6.805426204587627 0.42533913778672666 0.42533913778672666 0.42533913778672666
 2848 262144 199026.215 199026.215 199026.215 7.502389692734698 7.502389692734698 7.502389692734698 0.4688993557959186 0.4688993557959186 0.4688993557959186
 3128 262144 206517.38 206517.38 206517.38 7.941088851698583 7.941088851698583 7.941088851698583 0.49631805323116146 0.49631805323116146 0.49631805323116146
 3440 262144 198981.659 198981.659 198981.659 9.063904326981213 9.063904326981213 9.063904326981213 0.5664940204363258 0.5664940204363258 0.5664940204363258
 3784 262144 195838.623 195838.623 195838.623 10.130309137232855 10.130309137232855 10.130309137232855 0.6331443210770534 0.6331443210770534 0.6331443210770534
 4160 131072 98015.907 98015.907 98015.907 11.125939384512352 11.125939384512352 11.125939384512352 0.695371211532022 0.695371211532022 0.695371211532022
 4576 131072 102043.747 102043.747 102043.747 11.755457627403665 11.755457627403665 11.755457627403665 0.734716101712729 0.734716101712729 0.734716101712729
 5032 131072 99471.55 99471.55 99471.55 13.261164704882955 13.261164704882955 13.261164704882955 0.8288227940551847 0.8288227940551847 0.8288227940551847
 5528 131072 102125.023 102125.023 102125.023 14.18978414330443 14.18978414330443 14.18978414330443 0.8868615089565268 0.8868615089565268 0.8868615089565268
 6080 131072 99474.464 99474.464 99474.464 16.02255951839057 16.02255951839057 16.02255951839057 1.0014099698994106 1.0014099698994106 1.0014099698994106
 6688 131072 99522.911 99522.911 99522.911 17.61623584342303 17.61623584342303 17.61623584342303 1.1010147402139394 1.1010147402139394 1.1010147402139394
 7352 131072 102019.394 102019.394 102019.394 18.891336366887263 18.891336366887263 18.891336366887263 1.180708522930454 1.180708522930454 1.180708522930454
 8080 131072 102804.611 102804.611 102804.611 20.603390250657142 20.603390250657142 20.603390250657142 1.2877118906660714 1.2877118906660714 1.2877118906660714
 8888 65536 48726.177 48726.177 48726.177 23.908461687852096 23.908461687852096 23.908461687852096 1.494278855490756 1.494278855490756 1.494278855490756
 9776 65536 49103.455 49103.455 49103.455 26.095106179392058 26.095106179392058 26.095106179392058 1.6309441362120036 1.6309441362120036 1.6309441362120036
 10752 65536 48697.601 48697.601 48697.601 28.93953942412892 28.93953942412892 28.93953942412892 1.8087212140080575 1.8087212140080575 1.8087212140080575
 11824 65536 49077.278 49077.278 49077.278 31.5786732915383 31.5786732915383 31.5786732915383 1.9736670807211438 1.9736670807211438 1.9736670807211438
 13000 65536 49599.777 49599.777 49599.777 34.35370284023656 34.35370284023656 34.35370284023656 2.147106427514785 2.147106427514785 2.147106427514785
 14296 65536 49728.416 49728.416 49728.416 37.680776158243205 37.680776158243205 37.680776158243205 2.3550485098902003 2.3550485098902003 2.3550485098902003
 15720 65536 49118.145 49118.145 49118.145 41.94889363187474 41.94889363187474 41.94889363187474 2.621805851992171 2.621805851992171 2.621805851992171
 17288 32768 24621.824 24621.824 24621.824 46.01553353642687 46.01553353642687 46.01553353642687 2.8759708460266795 2.8759708460266795 2.8759708460266795
 19016 32768 25182.4 25182.4 25182.4 49.48823686384141 49.48823686384141 49.48823686384141 3.093014803990088 3.093014803990088 3.093014803990088
 20912 32768 25184.799 25184.799 25184.799 54.41730275472915 54.41730275472915 54.41730275472915 3.401081422170572 3.401081422170572 3.401081422170572
 23000 32768 24610.304 24610.304 24610.304 61.24784155449685 61.24784155449685 61.24784155449685 3.827990097156053 3.827990097156053 3.827990097156053
 25296 32768 24156.351 24156.351 24156.351 68.62785923254717 68.62785923254717 68.62785923254717 4.289241202034198 4.289241202034198 4.289241202034198
 27824 32768 24159.584 24159.584 24159.584 75.47620290150692 75.47620290150692 75.47620290150692 4.717262681344183 4.717262681344183 4.717262681344183
 30600 32768 23439.392 23439.392 23439.392 85.55689499113288 85.55689499113288 85.55689499113288 5.347305936945805 5.347305936945805 5.347305936945805
 33656 16384 11616.256 11616.256 11616.256 94.93935119887165 94.93935119887165 94.93935119887165 5.933709449929478 5.933709449929478 5.933709449929478
 37016 16384 11469.312 11469.312 11469.312 105.75527878219721 105.75527878219721 105.75527878219721 6.609704923887326 6.609704923887326 6.609704923887326
 40712 16384 11436.16 11436.16 11436.16 116.65198947898597 116.65198947898597 116.65198947898597 7.290749342436623 7.290749342436623 7.290749342436623
 44776 16384 11144.0 11144.0 11144.0 131.66008327351042 131.66008327351042 131.66008327351042 8.228755204594401 8.228755204594401 8.228755204594401
 49248 16384 11290.432 11290.432 11290.432 142.93150731522053 142.93150731522053 142.93150731522053 8.933219207201283 8.933219207201283 8.933219207201283
 54168 16384 11121.248 11121.248 11121.248 159.60232376797998 159.60232376797998 159.60232376797998 9.975145235498749 9.975145235498749 9.975145235498749
 59584 16384 10824.352 10824.352 10824.352 180.3755561533845 180.3755561533845 180.3755561533845 11.273472259586532 11.273472259586532 11.273472259586532
 65536 16384 11177.92 11177.92 11177.92 192.11835905069995 192.11835905069995 192.11835905069995 12.007397440668747 12.007397440668747 12.007397440668747
 72088 8192 5506.528 5506.528 5506.528 214.48901957821698 214.48901957821698 214.48901957821698 13.405563723638561 13.405563723638561 13.405563723638561
 79296 8192 5541.184 5541.184 5541.184 234.4599392476409 234.4599392476409 234.4599392476409 14.653746202977556 14.653746202977556 14.653746202977556
 87224 8192 6668.608 6668.608 6668.608 214.29929844429302 214.29929844429302 214.29929844429302 13.393706152768313 13.393706152768313 13.393706152768313
 95944 8192 6244.736 6244.736 6244.736 251.72345091930228 251.72345091930228 251.72345091930228 15.732715682456393 15.732715682456393 15.732715682456393
 105536 8192 6272.672 6272.672 6272.672 275.65634294284797 275.65634294284797 275.65634294284797 17.228521433927998 17.228521433927998 17.228521433927998
 116088 8192 6849.664 6849.664 6849.664 277.6757797170781 277.6757797170781 277.6757797170781 17.354736232317382 17.354736232317382 17.354736232317382
 127696 8192 6400.672 6400.672 6400.672 326.86743891891354 326.86743891891354 326.86743891891354 20.429214932432096 20.429214932432096 20.429214932432096
 140464 4096 3073.088 3073.088 3073.088 374.43805318949535 374.43805318949535 374.43805318949535 23.40237832434346 23.40237832434346 23.40237832434346
 154504 4096 3049.28 3049.28 3049.28 415.0805331094553 415.0805331094553 415.0805331094553 25.942533319340956 25.942533319340956 25.942533319340956
 169952 4096 3039.392 3039.392 3039.392 458.06752929533275 458.06752929533275 458.06752929533275 28.629220580958297 28.629220580958297 28.629220580958297
 186944 4096 3053.12 3053.12 3053.12 501.6000838486532 501.6000838486532 501.6000838486532 31.350005240540824 31.350005240540824 31.350005240540824
 205632 4096 3281.984 3281.984 3281.984 513.2679939938769 513.2679939938769 513.2679939938769 32.079249624617304 32.079249624617304 32.079249624617304
 226192 4096 3079.936 3079.936 3079.936 601.6244701188596 601.6244701188596 601.6244701188596 37.60152938242872 37.60152938242872 37.60152938242872
 248808 4096 3063.264 3063.264 3063.264 665.3801748722931 665.3801748722931 665.3801748722931 41.58626092951832 41.58626092951832 41.58626092951832
 273688 2048 1539.584 1539.584 1539.584 728.1356834053875 728.1356834053875 728.1356834053875 45.508480212836716 45.508480212836716 45.508480212836716
 301056 2048 1563.456 1563.456 1563.456 788.7176716197962 788.7176716197962 788.7176716197962 49.29485447623726 49.29485447623726 49.29485447623726
 331160 2048 1572.576 1572.576 1572.576 862.5537716460126 862.5537716460126 862.5537716460126 53.90961072787579 53.90961072787579 53.90961072787579
 364272 2048 1619.68 1619.68 1619.68 921.2054924429517 921.2054924429517 921.2054924429517 57.57534327768448 57.57534327768448 57.57534327768448
 400696 2048 1810.368 1810.368 1810.368 906.5840845618128 906.5840845618128 906.5840845618128 56.6615052851133 56.6615052851133 56.6615052851133
 440760 2048 1708.064 1708.064 1708.064 1056.9586151338592 1056.9586151338592 1056.9586151338592 66.0599134458662 66.0599134458662 66.0599134458662
 484832 2048 1754.752 1754.752 1754.752 1131.710846888905 1131.710846888905 1131.710846888905 70.73192793055657 70.73192793055657 70.73192793055657
 533312 1024 843.104 843.104 843.104 1295.4783466808365 1295.4783466808365 1295.4783466808365 80.96739666755228 80.96739666755228 80.96739666755228
 586640 1024 834.784 834.784 834.784 1439.2210679648867 1439.2210679648867 1439.2210679648867 89.95131674780542 89.95131674780542 89.95131674780542
 645304 1024 893.28 893.28 893.28 1479.471825183593 1479.471825183593 1479.471825183593 92.46698907397456 92.46698907397456 92.46698907397456
 709832 1024 967.808 967.808 967.808 1502.091257770136 1502.091257770136 1502.091257770136 93.8807036106335 93.8807036106335 93.8807036106335
 780808 1024 1053.984 1053.984 1053.984 1517.190758113975 1517.190758113975 1517.190758113975 94.82442238212344 94.82442238212344 94.82442238212344
 858888 1024 1129.088 1129.088 1129.088 1557.8968370933003 1557.8968370933003 1557.8968370933003 97.36855231833127 97.36855231833127 97.36855231833127
 944776 1024 1762.4 1762.4 1762.4 1097.8786019064912 1097.8786019064912 1097.8786019064912 68.6174126191557 68.6174126191557 68.6174126191557
 1039248 1024 1894.432 1894.432 1894.432 1123.492373439638 1123.492373439638 1123.492373439638 70.21827333997737 70.21827333997737 70.21827333997737
 1143168 512 1111.264 1111.264 1111.264 1053.398681141475 1053.398681141475 1053.398681141475 65.83741757134219 65.83741757134219 65.83741757134219
 1257480 512 1153.952 1153.952 1153.952 1115.869221596739 1115.869221596739 1115.869221596739 69.74182634979618 69.74182634979618 69.74182634979618
 1383224 512 1158.208 1158.208 1158.208 1222.9421451069238 1222.9421451069238 1222.9421451069238 76.43388406918274 76.43388406918274 76.43388406918274
 1521544 512 1160.512 1160.512 1160.512 1342.56350300557 1342.56350300557 1342.56350300557 83.91021893784813 83.91021893784813 83.91021893784813
 1673696 512 1164.736 1164.736 1164.736 1471.4619484587063 1471.4619484587063 1471.4619484587063 91.96637177866914 91.96637177866914 91.96637177866914
 1841064 512 1294.08 1294.08 1294.08 1456.8261127596438 1456.8261127596438 1456.8261127596438 91.05163204747774 91.05163204747774 91.05163204747774
 2025168 512 1608.256 1608.256 1608.256 1289.453937681563 1289.453937681563 1289.453937681563 80.59087110509769 80.59087110509769 80.59087110509769
 2227680 256 872.32 872.32 872.32 1307.5157740278798 1307.5157740278798 1307.5157740278798 81.71973587674249 81.71973587674249 81.71973587674249
 2450448 256 1131.584 1131.584 1131.584 1108.7372886148971 1108.7372886148971 1108.7372886148971 69.29608053843107 69.29608053843107 69.29608053843107
 2695488 256 1219.584 1219.584 1219.584 1131.6070528967252 1131.6070528967252 1131.6070528967252 70.72544080604533 70.72544080604533 70.72544080604533
 2965032 256 1050.08 1050.08 1050.08 1445.6959317385342 1445.6959317385342 1445.6959317385342 90.35599573365839 90.35599573365839 90.35599573365839
 3261528 256 1264.0 1264.0 1264.0 1321.125265822785 1321.125265822785 1321.125265822785 82.57032911392406 82.57032911392406 82.57032911392406
 3587680 256 1536.768 1536.768 1536.768 1195.295685490588 1195.295685490588 1195.295685490588 74.70598034316176 74.70598034316176 74.70598034316176
 3946448 256 1726.816 1726.816 1726.816 1170.11967459185 1170.11967459185 1170.11967459185 73.13247966199063 73.13247966199063 73.13247966199063
 4341088 128 747.232 747.232 747.232 1487.2469701511711 1487.2469701511711 1487.2469701511711 92.9529356344482 92.9529356344482 92.9529356344482
 4775192 128 1095.008 1095.008 1095.008 1116.3837634062947 1116.3837634062947 1116.3837634062947 69.77398521289342 69.77398521289342 69.77398521289342
 5252704 128 1327.936 1327.936 1327.936 1012.6182466624899 1012.6182466624899 1012.6182466624899 63.28864041640562 63.28864041640562 63.28864041640562
 5777968 128 1461.696 1461.696 1461.696 1011.9476334340383 1011.9476334340383 1011.9476334340383 63.24672708962739 63.24672708962739 63.24672708962739
 6355760 128 2456.288 2456.288 2456.288 662.4119647207493 662.4119647207493 662.4119647207493 41.40074779504683 41.40074779504683 41.40074779504683
 6991336 128 2636.0 2636.0 2636.0 678.9764855842185 678.9764855842185 678.9764855842185 42.436030349013656 42.436030349013656 42.436030349013656
 7690464 128 3440.352 3440.352 3440.352 572.25504366995 572.25504366995 572.25504366995 35.76594022937188 35.76594022937188 35.76594022937188
 8459504 64 1907.264 1907.264 1907.264 567.7328948692997 567.7328948692997 567.7328948692997 35.48330592933123 35.48330592933123 35.48330592933123
 9305448 64 2112.416 2112.416 2112.416 563.855483010922 563.855483010922 563.855483010922 35.24096768818262 35.24096768818262 35.24096768818262
 10235992 64 2366.88 2366.88 2366.88 553.5586831609545 553.5586831609545 553.5586831609545 34.597417697559656 34.597417697559656 34.597417697559656
 11259584 64 2578.464 2578.464 2578.464 558.9477890713231 558.9477890713231 558.9477890713231 34.93423681695769 34.93423681695769 34.93423681695769
 12385536 64 2846.88 2846.88 2846.88 556.8722980947564 556.8722980947564 556.8722980947564 34.804518630922274 34.804518630922274 34.804518630922274
 13624088 64 3125.888 3125.888 3125.888 557.8841161295607 557.8841161295607 557.8841161295607 34.86775725809754 34.86775725809754 34.86775725809754
 14986496 64 3472.416 3472.416 3472.416 552.4313584547473 552.4313584547473 552.4313584547473 34.526959903421705 34.526959903421705 34.526959903421705
 16485144 64 3818.72 3818.72 3818.72 552.5669418024888 552.5669418024888 552.5669418024888 34.53543386265555 34.53543386265555 34.53543386265555
 18133656 32 2154.368 2154.368 2154.368 538.6981165706138 538.6981165706138 538.6981165706138 33.668632285663364 33.668632285663364 33.668632285663364
 19947016 32 2424.16 2424.16 2424.16 526.6191274503334 526.6191274503334 526.6191274503334 32.91369546564584 32.91369546564584 32.91369546564584
 21941712 32 2708.48 2708.48 2708.48 518.4714555765595 518.4714555765595 518.4714555765595 32.40446597353497 32.40446597353497 32.40446597353497
 24135880 32 2977.728 2977.728 2977.728 518.7499731338792 518.7499731338792 518.7499731338792 32.42187332086745 32.42187332086745 32.42187332086745
 26549464 32 3282.944 3282.944 3282.944 517.5737679351216 517.5737679351216 517.5737679351216 32.3483604959451 32.3483604959451 32.3483604959451
 29204408 32 3621.92 3621.92 3621.92 516.047320758051 516.047320758051 516.047320758051 32.25295754737819 32.25295754737819 32.25295754737819
 32124848 32 4005.28 4005.28 4005.28 513.3199856189829 513.3199856189829 513.3199856189829 32.08249910118643 32.08249910118643 32.08249910118643
 35337328 16 2222.528 2222.528 2222.528 508.7875140380685 508.7875140380685 508.7875140380685 31.79921962737928 31.79921962737928 31.79921962737928
 38871056 16 2491.68 2491.68 2491.68 499.21089064406345 499.21089064406345 499.21089064406345 31.200680665253966 31.200680665253966 31.200680665253966
 42758160 16 2725.312 2725.312 2725.312 502.05668928915304 502.05668928915304 502.05668928915304 31.378543080572065 31.378543080572065 31.378543080572065
 47033976 16 2975.424 2975.424 2975.424 505.8395818545525 505.8395818545525 505.8395818545525 31.61497386590953 31.61497386590953 31.61497386590953
 51737368 16 3237.92 3237.92 3237.92 511.3146019666946 511.3146019666946 511.3146019666946 31.957162622918414 31.957162622918414 31.957162622918414
 56911104 16 3562.56 3562.56 3562.56 511.19288601455133 511.19288601455133 511.19288601455133 31.94955537590946 31.94955537590946 31.94955537590946
 62602208 16 3995.552 3995.552 3995.552 501.37519321485496 501.37519321485496 501.37519321485496 31.335949575928435 31.335949575928435 31.335949575928435
 68862424 8 2162.816 2162.816 2162.816 509.4278866070901 509.4278866070901 509.4278866070901 31.83924291294313 31.83924291294313 31.83924291294313
 75748664 8 2419.584 2419.584 2419.584 500.9037189864043 500.9037189864043 500.9037189864043 31.306482436650267 31.306482436650267 31.306482436650267
 83323528 8 2652.832 2652.832 2652.832 502.5483890423517 502.5483890423517 502.5483890423517 31.40927431514698 31.40927431514698 31.40927431514698
 91655880 8 2917.984 2917.984 2917.984 502.5709805125731 502.5709805125731 502.5709805125731 31.41068628203582 31.41068628203582 31.41068628203582
 100821464 8 3212.896 3212.896 3212.896 502.08392179516545 502.08392179516545 502.08392179516545 31.38024511219784 31.38024511219784 31.38024511219784
 110903608 8 3542.208 3542.208 3542.208 500.9467902506007 500.9467902506007 500.9467902506007 31.309174390662545 31.309174390662545 31.309174390662545
 121993968 8 3920.544 3920.544 3920.544 497.86547173045375 497.86547173045375 497.86547173045375 31.11659198315336 31.11659198315336 31.11659198315336
 134193360 8 4297.216 4297.216 4297.216 499.6476230191827 499.6476230191827 499.6476230191827 31.227976438698917 31.227976438698917 31.227976438698917
 147612696 4 2381.408 2381.408 2381.408 495.88376624249184 495.88376624249184 495.88376624249184 30.99273539015574 30.99273539015574 30.99273539015574
 162373960 4 2615.968 2615.968 2615.968 496.5625267587372 496.5625267587372 496.5625267587372 31.035157922421075 31.035157922421075 31.035157922421075
 178611352 4 2871.072 2871.072 2871.072 497.68546939958316 497.68546939958316 497.68546939958316 31.105341837473947 31.105341837473947 31.105341837473947
 196472480 4 3135.04 3135.04 3135.04 501.35878330101053 501.35878330101053 501.35878330101053 31.33492395631316 31.33492395631316 31.33492395631316
 216119728 4 3519.264 3519.264 3519.264 491.28392300208225 491.28392300208225 491.28392300208225 30.70524518763014 30.70524518763014 30.70524518763014
 237731696 4 3816.0 3816.0 3816.0 498.3892997903564 498.3892997903564 498.3892997903564 31.149331236897275 31.149331236897275 31.149331236897275
 261504864 4 4205.024 4205.024 4205.024 497.5093868667575 497.5093868667575 497.5093868667575 31.094336679172343 31.094336679172343 31.094336679172343
 287655344 2 2330.72 2330.72 2330.72 493.6763643852544 493.6763643852544 493.6763643852544 30.8547727740784 30.8547727740784 30.8547727740784
 316420872 2 2560.48 2560.48 2560.48 494.3149284509155 494.3149284509155 494.3149284509155 30.894683028182218 30.894683028182218 30.894683028182218
 348062952 2 2815.872 2815.872 2815.872 494.43007636710763 494.43007636710763 494.43007636710763 30.901879772944227 30.901879772944227 30.901879772944227
 382869240 2 3077.312 3077.312 3077.312 497.6671068776907 497.6671068776907 497.6671068776907 31.104194179855668 31.104194179855668 31.104194179855668
 421156160 2 3383.744 3383.744 3383.744 497.8581831249645 497.8581831249645 497.8581831249645 31.116136445310282 31.116136445310282 31.116136445310282
 463271776 2 3704.736 3704.736 3704.736 500.19410397933893 500.19410397933893 500.19410397933893 31.262131498708683 31.262131498708683 31.262131498708683
 509598952 2 4137.184 4137.184 4137.184 492.70126926914537 492.70126926914537 492.70126926914537 30.793829329321586 30.793829329321586 30.793829329321586
 560558840 1 2270.56 2270.56 2270.56 493.7626312451554 493.7626312451554 493.7626312451554 30.86016445282221 30.86016445282221 30.86016445282221
 616614720 1 2510.496 2510.496 2510.496 491.2293984933654 491.2293984933654 491.2293984933654 30.701837405835338 30.701837405835338 30.701837405835338
 678276192 1 2744.96 2744.96 2744.96 494.1975052459781 494.1975052459781 494.1975052459781 30.88734407787363 30.88734407787363 30.88734407787363
 746103808 1 3018.944 3018.944 3018.944 494.2813169108138 494.2813169108138 494.2813169108138 30.892582306925863 30.892582306925863 30.892582306925863
 820714184 1 3309.44 3309.44 3309.44 495.98372171726936 495.98372171726936 495.98372171726936 30.998982607329335 30.998982607329335 30.998982607329335
 902785600 1 3658.368 3658.368 3658.368 493.5455372450229 493.5455372450229 493.5455372450229 30.84659607781393 30.84659607781393 30.84659607781393
 993064160 1 4007.488 4007.488 4007.488 495.6043087340498 495.6043087340498 495.6043087340498 30.975269295878114 30.975269295878114 30.975269295878114
 
META_DATA
 FLOPS          1
 GPU_BLOCKS     1280
 GPU_THREADS    128
 ERT_VERSION  1.1.0
 HOSTNAME  ('kp361.kingspeak.peaks', ['kp361'], ['10.242.2.107'])
 UNAME  uname_result(system='Linux', node='kp361', release='3.10.0-957.27.2.el7.x86_64', version='#1 SMP Mon Jul 29 17:46:05 UTC 2019', machine='x86_64', processor='x86_64')
 TIMESTAMP_DATA  1617136199.834899
 CONFIG  {'ERT_RESULTS': ['Results/Results.kingspeak-p100-gpu.01'], 'ERT_DRIVER': ['driver1'], 'ERT_KERNEL': ['kernel1'], 'ERT_GPU': ['True'], 'ERT_GPU_CFLAGS': ['-x', 'cu', '-arch=sm_60'], 'ERT_GPU_LDFLAGS': [], 'ERT_FLOPS': ['1,64,256,512,1024'], 'ERT_ALIGN': ['32'], 'ERT_CC': ['nvcc'], 'ERT_CFLAGS': ['-O3', '-std=c++11'], 'ERT_LD': ['nvcc'], 'ERT_LDFLAGS': [], 'ERT_LDLIBS': [], 'ERT_RUN': ['srun', '-n', '1', './ERT_CODE'], 'ERT_PRECISION': ['FP64'], 'ERT_BLOCKS_THREADS': ['163840'], 'ERT_GPU_BLOCKS': ['160,320,640,1280,2560'], 'ERT_GPU_THREADS': ['1024,512,256,128,64'], 'ERT_NUM_EXPERIMENTS': ['1'], 'ERT_MEMORY_MAX': ['1073741824'], 'ERT_WORKING_SET_MIN': ['128'], 'ERT_TRIALS_MIN': ['1'], 'ERT_GNUPLOT': ['gnuplot'], 'ERT_MPI': [False], 'ERT_OPENMP': [False], 'ERT_HIP': [False], 'ERT_OCL': [False], 'ERT_SYCL': [False], 'ERT_WSS_MULT': [1.1]}
 