fp64
 1024 1048576 2467601.807 2467601.807 2467601.807 0.8702715494485778 0.8702715494485778 0.8702715494485778 27.84868958235449 27.84868958235449 27.84868958235449
 1120 524288 1244233.765 1244233.765 1244233.765 0.9438781947860096 0.9438781947860096 0.9438781947860096 30.20410223315231 30.20410223315231 30.20410223315231
 1232 524288 1234061.646 1234061.646 1234061.646 1.046824229719234 1.046824229719234 1.046824229719234 33.49837535101549 33.49837535101549 33.49837535101549
 1352 524288 1233921.631 1233921.631 1233921.631 1.148917983430667 1.148917983430667 1.148917983430667 36.76537546978135 36.76537546978135 36.76537546978135
 1480 524288 1246276.978 1246276.978 1246276.978 1.2452227774362372 1.2452227774362372 1.2452227774362372 39.84712887795959 39.84712887795959 39.84712887795959
 1624 524288 1255108.276 1255108.276 1255108.276 1.3567653536849118 1.3567653536849118 1.3567653536849118 43.41649131791718 43.41649131791718 43.41649131791718
 1784 524288 1237543.335 1237543.335 1237543.335 1.5115911751082236 1.5115911751082236 1.5115911751082236 48.370917603463155 48.370917603463155 48.370917603463155
 1960 524288 1236417.236 1236417.236 1236417.236 1.6622293026655928 1.6622293026655928 1.6622293026655928 53.19133768529897 53.19133768529897 53.19133768529897
 2152 262144 616924.194 616924.194 616924.194 1.828859666995002 1.828859666995002 1.828859666995002 58.52350934384006 58.52350934384006 58.52350934384006
 2360 262144 624193.054 624193.054 624193.054 1.9822708248208092 1.9822708248208092 1.9822708248208092 63.432666394265894 63.432666394265894 63.432666394265894
 2592 262144 641824.097 641824.097 641824.097 2.117331683793106 2.117331683793106 2.117331683793106 67.7546138813794 67.7546138813794 67.7546138813794
 2848 262144 620816.711 620816.711 620816.711 2.405174019228358 2.405174019228358 2.405174019228358 76.96556861530746 76.96556861530746 76.96556861530746
 3128 262144 618108.643 618108.643 618108.643 2.6532113449188577 2.6532113449188577 2.6532113449188577 84.90276303740345 84.90276303740345 84.90276303740345
 3440 262144 623215.515 623215.515 623215.515 2.893943871086072 2.893943871086072 2.893943871086072 92.6062038747543 92.6062038747543 92.6062038747543
 3784 262144 618580.444 618580.444 618580.444 3.2071912574074197 3.2071912574074197 3.2071912574074197 102.63012023703743 102.63012023703743 102.63012023703743
 4160 131072 311443.42 311443.42 311443.42 3.501499694551261 3.501499694551261 3.501499694551261 112.04799022564035 112.04799022564035 112.04799022564035
 4576 131072 314058.441 314058.441 314058.441 3.819578738850073 3.819578738850073 3.819578738850073 122.22651964320234 122.22651964320234 122.22651964320234
 5032 131072 311010.04 311010.04 311010.04 4.2413698541693385 4.2413698541693385 4.2413698541693385 135.72383533341883 135.72383533341883 135.72383533341883
 5528 131072 310841.064 310841.064 310841.064 4.661971019375999 4.661971019375999 4.661971019375999 149.18307262003196 149.18307262003196 149.18307262003196
 6080 131072 312593.475 312593.475 312593.475 5.098748526340802 5.098748526340802 5.098748526340802 163.15995284290565 163.15995284290565 163.15995284290565
 6688 131072 310891.846 310891.846 310891.846 5.639321502179249 5.639321502179249 5.639321502179249 180.45828806973597 180.45828806973597 180.45828806973597
 7352 131072 310419.006 310419.006 310419.006 6.208649118604549 6.208649118604549 6.208649118604549 198.67677179534556 198.67677179534556 198.67677179534556
 8080 131072 319508.087 319508.087 319508.087 6.629326787587696 6.629326787587696 6.629326787587696 212.13845720280628 212.13845720280628 212.13845720280628
 8888 65536 156931.335 156931.335 156931.335 7.4234246207107075 7.4234246207107075 7.4234246207107075 237.54958786274264 237.54958786274264 237.54958786274264
 9776 65536 156337.479 156337.479 156337.479 8.196114458261157 8.196114458261157 8.196114458261157 262.275662664357 262.275662664357 262.275662664357
 10752 65536 156793.671 156793.671 156793.671 8.988157079375991 8.988157079375991 8.988157079375991 287.6210265400317 287.6210265400317 287.6210265400317
 11824 65536 162415.298 162415.298 162415.298 9.542175811542087 9.542175811542087 9.542175811542087 305.3496259693468 305.3496259693468 305.3496259693468
 13000 65536 159625.885 159625.885 159625.885 10.674559455065822 10.674559455065822 10.674559455065822 341.5859025621063 341.5859025621063 341.5859025621063
 14296 65536 158815.17 158815.17 158815.17 11.798654448438395 11.798654448438395 11.798654448438395 377.55694235002863 377.55694235002863 377.55694235002863
 15720 65536 159898.529 159898.529 159898.529 12.885996218264145 12.885996218264145 12.885996218264145 412.35187898445264 412.35187898445264 412.35187898445264
 17288 32768 80451.744 80451.744 80451.744 14.082806806524916 14.082806806524916 14.082806806524916 450.6498178087973 450.6498178087973 450.6498178087973
 19016 32768 81811.363 81811.363 81811.363 15.23300101967498 15.23300101967498 15.23300101967498 487.45603262959935 487.45603262959935 487.45603262959935
 20912 32768 80730.141 80730.141 80730.141 16.97617290176664 16.97617290176664 16.97617290176664 543.2375328565324 543.2375328565324 543.2375328565324
 23000 32768 80455.971 80455.971 80455.971 18.734818326908265 18.734818326908265 18.734818326908265 599.5141864610645 599.5141864610645 599.5141864610645
 25296 32768 80230.24 80230.24 80230.24 20.663015042707087 20.663015042707087 20.663015042707087 661.2164813666268 661.2164813666268 661.2164813666268
 27824 32768 80087.357 80087.357 80087.357 22.768558388061177 22.768558388061177 22.768558388061177 728.5938684179577 728.5938684179577 728.5938684179577
 30600 32768 79447.136 79447.136 79447.136 25.24196215204032 25.24196215204032 25.24196215204032 807.7427888652902 807.7427888652902 807.7427888652902
 33656 16384 39276.543 39276.543 39276.543 28.078841052788174 28.078841052788174 28.078841052788174 898.5229136892216 898.5229136892216 898.5229136892216
 37016 16384 39306.911 39306.911 39306.911 30.858194071775316 30.858194071775316 30.858194071775316 987.4622102968101 987.4622102968101 987.4622102968101
 40712 16384 39180.286 39180.286 39180.286 34.04903210762678 34.04903210762678 34.04903210762678 1089.569027444057 1089.569027444057 1089.569027444057
 44776 16384 38261.44 38261.44 38261.44 38.34722289594955 38.34722289594955 38.34722289594955 1227.1111326703856 1227.1111326703856 1227.1111326703856
 49248 16384 38791.714 38791.714 38791.714 41.60059707596319 41.60059707596319 41.60059707596319 1331.219106430822 1331.219106430822 1331.219106430822
 54168 16384 38852.001 38852.001 38852.001 45.685601212663414 45.685601212663414 45.685601212663414 1461.9392388052293 1461.9392388052293 1461.9392388052293
 59584 16384 39276.096 39276.096 39276.096 49.71086006104069 49.71086006104069 49.71086006104069 1590.747521953302 1590.747521953302 1590.747521953302
 65536 16384 39615.105 39615.105 39615.105 54.20870771388842 54.20870771388842 54.20870771388842 1734.6786468444295 1734.6786468444295 1734.6786468444295
 72088 8192 20195.583 20195.583 20195.583 58.4825796809134 58.4825796809134 58.4825796809134 1871.442549789229 1871.442549789229 1871.442549789229
 79296 8192 19996.864 19996.864 19996.864 64.96947041296073 64.96947041296073 64.96947041296073 2079.0230532147434 2079.0230532147434 2079.0230532147434
 87224 8192 19973.185 19973.185 19973.185 71.54983123622998 71.54983123622998 71.54983123622998 2289.5945995593593 2289.5945995593593 2289.5945995593593
 95944 8192 19952.192 19952.192 19952.192 78.78565402738707 78.78565402738707 78.78565402738707 2521.140928876386 2521.140928876386 2521.140928876386
 105536 8192 19504.831 19504.831 19504.831 88.64992595936874 88.64992595936874 88.64992595936874 2836.7976306998 2836.7976306998 2836.7976306998
 116088 8192 22642.944 22642.944 22642.944 83.999050300173 83.999050300173 83.999050300173 2687.969609605536 2687.969609605536 2687.969609605536
 127696 8192 23123.648 23123.648 23123.648 90.47756063403145 90.47756063403145 90.47756063403145 2895.2819402890063 2895.2819402890063 2895.2819402890063
 140464 4096 11558.592 11558.592 11558.592 99.5520118713421 99.5520118713421 99.5520118713421 3185.6643798829473 3185.6643798829473 3185.6643798829473
 154504 4096 11507.392 11507.392 11507.392 109.98988893399999 109.98988893399999 109.98988893399999 3519.6764458879998 3519.6764458879998 3519.6764458879998
 169952 4096 11616.32 11616.32 11616.32 119.85265419685408 119.85265419685408 119.85265419685408 3835.2849342993304 3835.2849342993304 3835.2849342993304
 186944 4096 18032.513 18032.513 18032.513 84.92689000141023 84.92689000141023 84.92689000141023 2717.6604800451273 2717.6604800451273 2717.6604800451273
 205632 4096 17991.327 17991.327 17991.327 93.63052230666476 93.63052230666476 93.63052230666476 2996.1767138132723 2996.1767138132723 2996.1767138132723
 226192 4096 18034.88 18034.88 18034.88 102.74339856988236 102.74339856988236 102.74339856988236 3287.7887542362355 3287.7887542362355 3287.7887542362355
 248808 4096 22566.656 22566.656 22566.656 90.32065433177162 90.32065433177162 90.32065433177162 2890.260938616692 2890.260938616692 2890.260938616692
 273688 2048 11263.168 11263.168 11263.168 99.5302607578969 99.5302607578969 99.5302607578969 3184.9683442527007 3184.9683442527007 3184.9683442527007
 301056 2048 13289.248 13289.248 13289.248 92.79120805029751 92.79120805029751 92.79120805029751 2969.3186576095204 2969.3186576095204 2969.3186576095204
 331160 2048 14878.688 14878.688 14878.688 91.16605980312242 91.16605980312242 91.16605980312242 2917.3139136999175 2917.3139136999175 2917.3139136999175
 364272 2048 17029.408 17029.408 17029.408 87.61655789796099 87.61655789796099 87.61655789796099 2803.7298527347516 2803.7298527347516 2803.7298527347516
 400696 2048 17108.513 17108.513 17108.513 95.93182154404653 95.93182154404653 95.93182154404653 3069.818289409489 3069.818289409489 3069.818289409489
 440760 2048 20327.776 20327.776 20327.776 88.81212386441094 88.81212386441094 88.81212386441094 2841.98796366115 2841.98796366115 2841.98796366115
 484832 2048 21665.089 21665.089 21665.089 91.66229928711579 91.66229928711579 91.66229928711579 2933.193577187705 2933.193577187705 2933.193577187705
 533312 1024 11941.824 11941.824 11941.824 91.46198905627817 91.46198905627817 91.46198905627817 2926.7836498009015 2926.7836498009015 2926.7836498009015
 586640 1024 13082.752 13082.752 13082.752 91.8337915447759 91.8337915447759 91.8337915447759 2938.681329432829 2938.681329432829 2938.681329432829
 645304 1024 14228.576 14228.576 14228.576 92.88228084103426 92.88228084103426 92.88228084103426 2972.2329869130963 2972.2329869130963 2972.2329869130963
 709832 1024 15371.616 15371.616 15371.616 94.57274602748338 94.57274602748338 94.57274602748338 3026.327872879468 3026.327872879468 3026.327872879468
 780808 1024 18054.752 18054.752 18054.752 88.56919131317893 88.56919131317893 88.56919131317893 2834.214122021726 2834.214122021726 2834.214122021726
 858888 1024 17679.745 17679.745 17679.745 99.49253363099977 99.49253363099977 99.49253363099977 3183.7610761919927 3183.7610761919927 3183.7610761919927
 944776 1024 28138.304 28138.304 28138.304 68.76396132474794 68.76396132474794 68.76396132474794 2200.446762391934 2200.446762391934 2200.446762391934
 1039248 1024 28145.056 28145.056 28145.056 75.62180384363064 75.62180384363064 75.62180384363064 2419.8977229961806 2419.8977229961806 2419.8977229961806
 1143168 512 12333.12 12333.12 12333.12 94.91548221374639 94.91548221374639 94.91548221374639 3037.2954308398844 3037.2954308398844 3037.2954308398844
 1257480 512 16100.96 16100.96 16100.96 79.97408353290737 79.97408353290737 79.97408353290737 2559.170673053036 2559.170673053036 2559.170673053036
 1383224 512 14664.48 14664.48 14664.48 96.58858520724908 96.58858520724908 96.58858520724908 3090.8347266319706 3090.8347266319706 3090.8347266319706
 1521544 512 15825.824 15825.824 15825.824 98.45054867285266 98.45054867285266 98.45054867285266 3150.417557531285 3150.417557531285 3150.417557531285
 1673696 512 17557.76 17557.76 17557.76 97.61294743748633 97.61294743748633 97.61294743748633 3123.6143179995624 3123.6143179995624 3123.6143179995624
 1841064 512 20164.768 20164.768 20164.768 93.49225024557684 93.49225024557684 93.49225024557684 2991.752007858459 2991.752007858459 2991.752007858459
 2025168 512 22813.343 22813.343 22813.343 90.90171624561994 90.90171624561994 90.90171624561994 2908.854919859838 2908.854919859838 2908.854919859838
 2227680 256 11838.112 11838.112 11838.112 96.34747162385354 96.34747162385354 96.34747162385354 3083.119091963313 3083.119091963313 3083.119091963313
 2450448 256 12831.424 12831.424 12831.424 97.77787531609897 97.77787531609897 97.77787531609897 3128.892010115167 3128.892010115167 3128.892010115167
 2695488 256 14326.56 14326.56 14326.56 96.33086072302073 96.33086072302073 96.33086072302073 3082.5875431366635 3082.5875431366635 3082.5875431366635
 2965032 256 15194.112 15194.112 15194.112 99.91346542660736 99.91346542660736 99.91346542660736 3197.2308936514355 3197.2308936514355 3197.2308936514355
 3261528 256 18362.177 18362.177 18362.177 90.94250295049437 90.94250295049437 90.94250295049437 2910.16009441582 2910.16009441582 2910.16009441582
 3587680 256 25852.064 25852.064 25852.064 71.05398470311695 71.05398470311695 71.05398470311695 2273.7275104997425 2273.7275104997425 2273.7275104997425
 3946448 256 21022.943 21022.943 21022.943 96.11315485182071 96.11315485182071 96.11315485182071 3075.6209552582627 3075.6209552582627 3075.6209552582627
 4341088 128 11532.896 11532.896 11532.896 96.36075171405342 96.36075171405342 96.36075171405342 3083.5440548497095 3083.5440548497095 3083.5440548497095
 4775192 128 12965.248 12965.248 12965.248 94.28659999407647 94.28659999407647 94.28659999407647 3017.171199810447 3017.171199810447 3017.171199810447
 5252704 128 14014.784 14014.784 14014.784 95.94812335316765 95.94812335316765 95.94812335316765 3070.3399473013646 3070.3399473013646 3070.3399473013646
 5777968 128 17594.849 17594.849 17594.849 84.06777506303123 84.06777506303123 84.06777506303123 2690.1688020169995 2690.1688020169995 2690.1688020169995
 6355760 128 17497.761 17497.761 17497.761 92.98758624031957 92.98758624031957 92.98758624031957 2975.6027596902263 2975.6027596902263 2975.6027596902263
 6991336 128 18510.241 18510.241 18510.241 96.69144858783848 96.69144858783848 96.69144858783848 3094.1263548108313 3094.1263548108313 3094.1263548108313
 7690464 128 21003.168 21003.168 21003.168 93.73627749870876 93.73627749870876 93.73627749870876 2999.5608799586803 2999.5608799586803 2999.5608799586803
 8459504 64 12091.36 12091.36 12091.36 89.55291315451693 89.55291315451693 89.55291315451693 2865.6932209445417 2865.6932209445417 2865.6932209445417
 9305448 64 12877.088 12877.088 12877.088 92.49741432224427 92.49741432224427 92.49741432224427 2959.9172583118166 2959.9172583118166 2959.9172583118166
 10235992 64 16288.416 16288.416 16288.416 80.4379613094361 80.4379613094361 80.4379613094361 2574.0147619019554 2574.0147619019554 2574.0147619019554
 11259584 64 15521.6 15521.6 15521.6 92.85297598185754 92.85297598185754 92.85297598185754 2971.2952314194413 2971.2952314194413 2971.2952314194413
 12385536 64 17125.664 17125.664 17125.664 92.5715118549564 92.5715118549564 92.5715118549564 2962.2883793586047 2962.2883793586047 2962.2883793586047
 13624088 64 20305.729 20305.729 20305.729 85.8813423541701 85.8813423541701 85.8813423541701 2748.2029553334432 2748.2029553334432 2748.2029553334432
 14986496 64 21471.359 21471.359 21471.359 89.34094427837567 89.34094427837567 89.34094427837567 2858.9102169080215 2858.9102169080215 2858.9102169080215
 16485144 64 22807.936 22807.936 22807.936 92.51597479052904 92.51597479052904 92.51597479052904 2960.5111932969294 2960.5111932969294 2960.5111932969294
 18133656 32 12100.448 12100.448 12100.448 95.91000134871041 95.91000134871041 95.91000134871041 3069.120043158733 3069.120043158733 3069.120043158733
 19947016 32 14931.648 14931.648 14931.648 85.49686035995492 85.49686035995492 85.49686035995492 2735.8995315185575 2735.8995315185575 2735.8995315185575
 21941712 32 14562.272 14562.272 14562.272 96.43203807757469 96.43203807757469 96.43203807757469 3085.82521848239 3085.82521848239 3085.82521848239
 24135880 32 16712.799 16712.799 16712.799 92.42594971674103 92.42594971674103 92.42594971674103 2957.630390935713 2957.630390935713 2957.630390935713
 26549464 32 18400.288 18400.288 18400.288 92.34451634670064 92.34451634670064 92.34451634670064 2955.0245230944206 2955.0245230944206 2955.0245230944206
 29204408 32 23013.536 23013.536 23013.536 81.2166418928408 81.2166418928408 81.2166418928408 2598.9325405709055 2598.9325405709055 2598.9325405709055
 32124848 32 22251.713 22251.713 22251.713 92.39694364204679 92.39694364204679 92.39694364204679 2956.7021965454974 2956.7021965454974 2956.7021965454974
 35337328 16 11806.048 11806.048 11806.048 95.78095023838628 95.78095023838628 95.78095023838628 3064.990407628361 3064.990407628361 3064.990407628361
 38871056 16 13488.0 13488.0 13488.0 92.2207734282325 92.2207734282325 92.2207734282325 2951.06474970344 2951.06474970344 2951.06474970344
 42758160 16 14830.56 14830.56 14830.56 92.2595721267437 92.2595721267437 92.2595721267437 2952.3063080557986 2952.3063080557986 2952.3063080557986
 47033976 16 15736.064 15736.064 15736.064 95.64572386080788 95.64572386080788 95.64572386080788 3060.663163545852 3060.663163545852 3060.663163545852
 51737368 16 17251.808 17251.808 17251.808 95.96650832191037 95.96650832191037 95.96650832191037 3070.9282663011318 3070.9282663011318 3070.9282663011318
 56911104 16 18983.999 18983.999 18983.999 95.93106952860668 95.93106952860668 95.93106952860668 3069.794224915414 3069.794224915414 3069.794224915414
 62602208 16 20982.336 20982.336 20982.336 95.47414815967107 95.47414815967107 95.47414815967107 3055.1727411094744 3055.1727411094744 3055.1727411094744
 68862424 8 11494.048 11494.048 11494.048 95.85820278460643 95.85820278460643 95.85820278460643 3067.462489107406 3067.462489107406 3067.462489107406
 75748664 8 12643.264 12643.264 12643.264 95.85963118384619 95.85963118384619 95.85963118384619 3067.508197883078 3067.508197883078 3067.508197883078
 83323528 8 14461.472 14461.472 14461.472 92.18815677961413 92.18815677961413 92.18815677961413 2950.0210169476522 2950.0210169476522 2950.0210169476522
 91655880 8 15285.888 15285.888 15285.888 95.93777476323258 95.93777476323258 95.93777476323258 3070.0087924234426 3070.0087924234426 3070.0087924234426
 100821464 8 16815.84 16815.84 16815.84 95.92999362505829 95.92999362505829 95.92999362505829 3069.759796001865 3069.759796001865 3069.759796001865
 110903608 8 18491.392 18491.392 18491.392 95.96128447225607 95.96128447225607 95.96128447225607 3070.761103112194 3070.761103112194 3070.761103112194
 121993968 8 20351.04 20351.04 20351.04 95.91173168545686 95.91173168545686 95.91173168545686 3069.1754139346194 3069.1754139346194 3069.1754139346194
 134193360 8 22383.425 22383.425 22383.425 95.92337901817976 95.92337901817976 95.92337901817976 3069.5481285817523 3069.5481285817523 3069.5481285817523
 147612696 4 12301.984 12301.984 12301.984 95.99277384851094 95.99277384851094 95.99277384851094 3071.76876315235 3071.76876315235 3071.76876315235
 162373960 4 13562.272 13562.272 13562.272 95.77979854702811 95.77979854702811 95.77979854702811 3064.9535535048994 3064.9535535048994 3064.9535535048994
 178611352 4 14909.088 14909.088 14909.088 95.84025635907442 95.84025635907442 95.84025635907442 3066.8882034903813 3066.8882034903813 3066.8882034903813
 196472480 4 15699.776 15699.776 15699.776 100.11479399451305 100.11479399451305 100.11479399451305 3203.6734078244176 3203.6734078244176 3203.6734078244176
 216119728 4 17268.641 17268.641 17268.641 100.12124428320676 100.12124428320676 100.12124428320676 3203.8798170626164 3203.8798170626164 3203.8798170626164
 237731696 4 19818.399 19818.399 19818.399 95.96403665099284 95.96403665099284 95.96403665099284 3070.849172831771 3070.849172831771 3070.849172831771
 261504864 4 21801.088 21801.088 21801.088 95.96029849519437 95.96029849519437 95.96029849519437 3070.7295518462197 3070.7295518462197 3070.7295518462197
 287655344 2 12003.84 12003.84 12003.84 95.85444124546811 95.85444124546811 95.85444124546811 3067.3421198549795 3067.3421198549795 3067.3421198549795
 316420872 2 14851.232 14851.232 14851.232 85.22414086588911 85.22414086588911 85.22414086588911 2727.1725077084516 2727.1725077084516 2727.1725077084516
 348062952 2 14514.112 14514.112 14514.112 95.92400885427921 95.92400885427921 95.92400885427921 3069.5682833369347 3069.5682833369347 3069.5682833369347
 382869240 2 15968.576 15968.576 15968.576 95.90566873339239 95.90566873339239 95.90566873339239 3068.9813994685564 3068.9813994685564 3068.9813994685564
 421156160 2 17570.56 17570.56 17570.56 95.87768631164856 95.87768631164856 95.87768631164856 3068.085961972754 3068.085961972754 3068.085961972754
 463271776 2 19313.919 19313.919 19313.919 95.9456806254598 95.9456806254598 95.9456806254598 3070.2617800147136 3070.2617800147136 3070.2617800147136
 509598952 2 21250.816 21250.816 21250.816 95.92082525207505 95.92082525207505 95.92082525207505 3069.4664080664015 3069.4664080664015 3069.4664080664015
 560558840 1 12202.976 12202.976 12202.976 91.87248094235373 91.87248094235373 91.87248094235373 2939.9193901553194 2939.9193901553194 2939.9193901553194
 616614720 1 12354.08 12354.08 12354.08 99.82365663813087 99.82365663813087 99.82365663813087 3194.357012420188 3194.357012420188 3194.357012420188
 678276192 1 13578.528 13578.528 13578.528 99.90422997249776 99.90422997249776 99.90422997249776 3196.9353591199283 3196.9353591199283 3196.9353591199283
 746103808 1 15583.264 15583.264 15583.264 95.7570645020196 95.7570645020196 95.7570645020196 3064.2260640646273 3064.2260640646273 3064.2260640646273
 820714184 1 15582.016 15582.016 15582.016 105.34120668339706 105.34120668339706 105.34120668339706 3370.918613868706 3370.918613868706 3370.918613868706
 902785600 1 17051.359 17051.359 17051.359 105.89016394529021 105.89016394529021 105.89016394529021 3388.485246249287 3388.485246249287 3388.485246249287
 993064160 1 18753.088 18753.088 18753.088 105.90940116102477 105.90940116102477 105.90940116102477 3389.100837152793 3389.100837152793 3389.100837152793
 
META_DATA
 FLOPS          512
 GPU_BLOCKS     1280
 GPU_THREADS    128
 ERT_VERSION  1.1.0
 HOSTNAME  ('kp361.kingspeak.peaks', ['kp361'], ['10.242.2.107'])
 UNAME  uname_result(system='Linux', node='kp361', release='3.10.0-957.27.2.el7.x86_64', version='#1 SMP Mon Jul 29 17:46:05 UTC 2019', machine='x86_64', processor='x86_64')
 TIMESTAMP_DATA  1617136975.6064413
 CONFIG  {'ERT_RESULTS': ['Results/Results.kingspeak-p100-gpu.01'], 'ERT_DRIVER': ['driver1'], 'ERT_KERNEL': ['kernel1'], 'ERT_GPU': ['True'], 'ERT_GPU_CFLAGS': ['-x', 'cu', '-arch=sm_60'], 'ERT_GPU_LDFLAGS': [], 'ERT_FLOPS': ['1,64,256,512,1024'], 'ERT_ALIGN': ['32'], 'ERT_CC': ['nvcc'], 'ERT_CFLAGS': ['-O3', '-std=c++11'], 'ERT_LD': ['nvcc'], 'ERT_LDFLAGS': [], 'ERT_LDLIBS': [], 'ERT_RUN': ['srun', '-n', '1', './ERT_CODE'], 'ERT_PRECISION': ['FP64'], 'ERT_BLOCKS_THREADS': ['163840'], 'ERT_GPU_BLOCKS': ['160,320,640,1280,2560'], 'ERT_GPU_THREADS': ['1024,512,256,128,64'], 'ERT_NUM_EXPERIMENTS': ['1'], 'ERT_MEMORY_MAX': ['1073741824'], 'ERT_WORKING_SET_MIN': ['128'], 'ERT_TRIALS_MIN': ['1'], 'ERT_GNUPLOT': ['gnuplot'], 'ERT_MPI': [False], 'ERT_OPENMP': [False], 'ERT_HIP': [False], 'ERT_OCL': [False], 'ERT_SYCL': [False], 'ERT_WSS_MULT': [1.1]}
 