fp64
 1024 1048576 2342418.457 2342418.457 2342418.457 0.91678053576744 0.91678053576744 0.91678053576744 29.33697714455808 29.33697714455808 29.33697714455808
 1120 524288 1238953.613 1238953.613 1238953.613 0.9479007992529259 0.9479007992529259 0.9479007992529259 30.33282557609363 30.33282557609363 30.33282557609363
 1232 524288 1194121.46 1194121.46 1194121.46 1.0818377152354335 1.0818377152354335 1.0818377152354335 34.61880688753387 34.61880688753387 34.61880688753387
 1352 524288 1237250.122 1237250.122 1237250.122 1.1458271264571351 1.1458271264571351 1.1458271264571351 36.666468046628324 36.666468046628324 36.666468046628324
 1480 524288 1239835.205 1239835.205 1239835.205 1.2516925424778529 1.2516925424778529 1.2516925424778529 40.05416135929129 40.05416135929129 40.05416135929129
 1624 524288 1228025.146 1228025.146 1228025.146 1.3866877478419322 1.3866877478419322 1.3866877478419322 44.37400793094183 44.37400793094183 44.37400793094183
 1784 524288 1222009.888 1222009.888 1222009.888 1.5308056034322366 1.5308056034322366 1.5308056034322366 48.98577930983157 48.98577930983157 48.98577930983157
 1960 524288 1233274.414 1233274.414 1233274.414 1.666465254342007 1.666465254342007 1.666465254342007 53.32688813894423 53.32688813894423 53.32688813894423
 2152 262144 675160.095 675160.095 675160.095 1.6711114657924206 1.6711114657924206 1.6711114657924206 53.47556690535746 53.47556690535746 53.47556690535746
 2360 262144 676489.38 676489.38 676489.38 1.8290304572113163 1.8290304572113163 1.8290304572113163 58.52897463076212 58.52897463076212 58.52897463076212
 2592 262144 749196.533 749196.533 749196.533 1.8138825209966631 1.8138825209966631 1.8138825209966631 58.04424067189322 58.04424067189322 58.04424067189322
 2848 262144 728901.672 728901.672 728901.672 2.048523527052631 2.048523527052631 2.048523527052631 65.5527528656842 65.5527528656842 65.5527528656842
 3128 262144 923628.784 923628.784 923628.784 1.7755757425593612 1.7755757425593612 1.7755757425593612 56.81842376189956 56.81842376189956 56.81842376189956
 3440 262144 955839.661 955839.661 955839.661 1.8868757947469186 1.8868757947469186 1.8868757947469186 60.380025431901394 60.380025431901394 60.380025431901394
 3784 262144 1184252.93 1184252.93 1184252.93 1.6752382381692736 1.6752382381692736 1.6752382381692736 53.60762362141676 53.60762362141676 53.60762362141676
 4160 131072 585155.64 585155.64 585155.64 1.8636392874893934 1.8636392874893934 1.8636392874893934 59.63645719966059 59.63645719966059 59.63645719966059
 4576 131072 585197.998 585197.998 585197.998 2.04985483221014 2.04985483221014 2.04985483221014 65.59535463072449 65.59535463072449 65.59535463072449
 5032 131072 595423.401 595423.401 595423.401 2.215412773136876 2.215412773136876 2.215412773136876 70.89320874038003 70.89320874038003 70.89320874038003
 5528 131072 585226.318 585226.318 585226.318 2.476190812731016 2.476190812731016 2.476190812731016 79.23810600739252 79.23810600739252 79.23810600739252
 6080 131072 595548.706 595548.706 595548.706 2.676247138046842 2.676247138046842 2.676247138046842 85.63990841749894 85.63990841749894 85.63990841749894
 6688 131072 595399.536 595399.536 595399.536 2.944609402584419 2.944609402584419 2.944609402584419 94.2275008827014 94.2275008827014 94.2275008827014
 7352 131072 595451.355 595451.355 595451.355 3.2366752914686034 3.2366752914686034 3.2366752914686034 103.57360932699531 103.57360932699531 103.57360932699531
 8080 131072 585798.462 585798.462 585798.462 3.615788803487845 3.615788803487845 3.615788803487845 115.70524171161104 115.70524171161104 115.70524171161104
 8888 65536 297670.807 297670.807 297670.807 3.9136116428105097 3.9136116428105097 3.9136116428105097 125.23557256993631 125.23557256993631 125.23557256993631
 9776 65536 292565.765 292565.765 292565.765 4.3797327824737105 4.3797327824737105 4.3797327824737105 140.15144903915873 140.15144903915873 140.15144903915873
 10752 65536 297720.337 297720.337 297720.337 4.733590450020214 4.733590450020214 4.733590450020214 151.47489440064686 151.47489440064686 151.47489440064686
 11824 65536 292601.532 292601.532 292601.532 5.296607018448557 5.296607018448557 5.296607018448557 169.49142459035383 169.49142459035383 169.49142459035383
 13000 65536 292493.011 292493.011 292493.011 5.825561418286332 5.825561418286332 5.825561418286332 186.41796538516263 186.41796538516263 186.41796538516263
 14296 65536 297852.478 297852.478 297852.478 6.2910516124697144 6.2910516124697144 6.2910516124697144 201.31365159903086 201.31365159903086 201.31365159903086
 15720 65536 298516.876 298516.876 298516.876 6.902296002856468 6.902296002856468 6.902296002856468 220.87347209140697 220.87347209140697 220.87347209140697
 17288 32768 148913.528 148913.528 148913.528 7.608350854463674 7.608350854463674 7.608350854463674 243.46722734283756 243.46722734283756 243.46722734283756
 19016 32768 149402.176 149402.176 149402.176 8.341462014582705 8.341462014582705 8.341462014582705 266.92678446664655 266.92678446664655 266.92678446664655
 20912 32768 146334.946 146334.946 146334.946 9.365424114073203 9.365424114073203 9.365424114073203 299.6935716503425 299.6935716503425 299.6935716503425
 23000 32768 148903.9 148903.9 148903.9 10.122824183919963 10.122824183919963 10.122824183919963 323.9303738854388 323.9303738854388 323.9303738854388
 25296 32768 148916.199 148916.199 148916.199 11.132426607262518 11.132426607262518 11.132426607262518 356.2376514324006 356.2376514324006 356.2376514324006
 27824 32768 148936.188 148936.188 148936.188 12.243321710369008 12.243321710369008 12.243321710369008 391.78629473180825 391.78629473180825 391.78629473180825
 30600 32768 149406.311 149406.311 149406.311 13.422469148575658 13.422469148575658 13.422469148575658 429.51901275442106 429.51901275442106 429.51901275442106
 33656 16384 73290.466 73290.466 73290.466 15.047520751198388 15.047520751198388 15.047520751198388 481.5206640383484 481.5206640383484 481.5206640383484
 37016 16384 74538.368 74538.368 74538.368 16.27269714303377 16.27269714303377 16.27269714303377 520.7263085770807 520.7263085770807 520.7263085770807
 40712 16384 74465.599 74465.599 74465.599 17.91499476154083 17.91499476154083 17.91499476154083 573.2798323693065 573.2798323693065 573.2798323693065
 44776 16384 73971.71 73971.71 73971.71 19.834879685760946 19.834879685760946 19.834879685760946 634.7161499443503 634.7161499443503 634.7161499443503
 49248 16384 73316.963 73316.963 73316.963 22.010710727338775 22.010710727338775 22.010710727338775 704.3427432748408 704.3427432748408 704.3427432748408
 54168 16384 74412.193 74412.193 74412.193 23.853308879097273 23.853308879097273 23.853308879097273 763.3058841311127 763.3058841311127 763.3058841311127
 59584 16384 74525.154 74525.154 74525.154 26.198516973208804 26.198516973208804 26.198516973208804 838.3525431426817 838.3525431426817 838.3525431426817
 65536 16384 74519.455 74519.455 74519.455 28.817758369274173 28.817758369274173 28.817758369274173 922.1682678167736 922.1682678167736 922.1682678167736
 72088 8192 36668.865 36668.865 36668.865 32.20960866937115 32.20960866937115 32.20960866937115 1030.7074774198768 1030.7074774198768 1030.7074774198768
 79296 8192 37277.695 37277.695 37277.695 34.85155570911774 34.85155570911774 34.85155570911774 1115.2497826917677 1115.2497826917677 1115.2497826917677
 87224 8192 36676.098 36676.098 36676.098 38.96483251844294 38.96483251844294 38.96483251844294 1246.874640590174 1246.874640590174 1246.874640590174
 95944 8192 36701.344 36701.344 36701.344 42.83076107512576 42.83076107512576 42.83076107512576 1370.5843544040242 1370.5843544040242 1370.5843544040242
 105536 8192 36682.88 36682.88 36682.88 47.136479578484575 47.136479578484575 47.136479578484575 1508.3673465115064 1508.3673465115064 1508.3673465115064
 116088 8192 36690.239 36690.239 36690.239 51.839013422616304 51.839013422616304 51.839013422616304 1658.8484295237217 1658.8484295237217 1658.8484295237217
 127696 8192 36624.641 36624.641 36624.641 57.12469001402634 57.12469001402634 57.12469001402634 1827.990080448843 1827.990080448843 1827.990080448843
 140464 4096 18355.841 18355.841 18355.841 62.68746215441722 62.68746215441722 62.68746215441722 2005.998788941351 2005.998788941351 2005.998788941351
 154504 4096 18346.176 18346.176 18346.176 68.98967763091339 68.98967763091339 68.98967763091339 2207.6696841892285 2207.6696841892285 2207.6696841892285
 169952 4096 18347.937 18347.937 18347.937 75.88029019284292 75.88029019284292 75.88029019284292 2428.1692861709735 2428.1692861709735 2428.1692861709735
 186944 4096 18343.073 18343.073 18343.073 83.48902324054426 83.48902324054426 83.48902324054426 2671.648743697416 2671.648743697416 2671.648743697416
 205632 4096 18348.064 18348.064 18348.064 91.81008655736105 91.81008655736105 91.81008655736105 2937.9227698355535 2937.9227698355535 2937.9227698355535
 226192 4096 18361.696 18361.696 18361.696 100.91469023340764 100.91469023340764 100.91469023340764 3229.2700874690445 3229.2700874690445 3229.2700874690445
 248808 4096 34748.062 34748.062 34748.062 58.65751983520693 58.65751983520693 58.65751983520693 1877.0406347266216 1877.0406347266216 1877.0406347266216
 273688 2048 17422.592 17422.592 17422.592 64.343241694462 64.343241694462 64.343241694462 2058.983734222784 2058.983734222784 2058.983734222784
 301056 2048 17427.296 17427.296 17427.296 70.75827345791339 70.75827345791339 70.75827345791339 2264.2647506532285 2264.2647506532285 2264.2647506532285
 331160 2048 17421.345 17421.345 17421.345 77.86031216303907 77.86031216303907 77.86031216303907 2491.52998921725 2491.52998921725 2491.52998921725
 364272 2048 17431.776 17431.776 17431.776 85.5941535733364 85.5941535733364 85.5941535733364 2739.012914346765 2739.012914346765 2739.012914346765
 400696 2048 17565.281 17565.281 17565.281 93.43720809248654 93.43720809248654 93.43720809248654 2989.9906589595694 2989.9906589595694 2989.9906589595694
 440760 2048 17573.12 17573.12 17573.12 102.73377522033653 102.73377522033653 102.73377522033653 3287.480807050769 3287.480807050769 3287.480807050769
 484832 2048 25381.409 25381.409 25381.409 78.2411989815065 78.2411989815065 78.2411989815065 2503.718367408208 2503.718367408208 2503.718367408208
 533312 1024 12774.144 12774.144 12774.144 85.50263532335318 85.50263532335318 85.50263532335318 2736.0843303473016 2736.0843303473016 2736.0843303473016
 586640 1024 12760.992 12760.992 12760.992 94.1493200528611 94.1493200528611 94.1493200528611 3012.778241691555 3012.778241691555 3012.778241691555
 645304 1024 12823.872 12823.872 12823.872 103.0564397398851 103.0564397398851 103.0564397398851 3297.8060716763234 3297.8060716763234 3297.8060716763234
 709832 1024 16757.631 16757.631 16757.631 86.7506830768621 86.7506830768621 86.7506830768621 2776.0218584595873 2776.0218584595873 2776.0218584595873
 780808 1024 16770.176 16770.176 16770.176 95.3534884785944 95.3534884785944 95.3534884785944 3051.311631315021 3051.311631315021 3051.311631315021
 858888 1024 16774.529 16774.529 16774.529 104.86152094046874 104.86152094046874 104.86152094046874 3355.5686700949996 3355.5686700949996 3355.5686700949996
 944776 1024 29179.136 29179.136 29179.136 66.31112202911012 66.31112202911012 66.31112202911012 2121.955904931524 2121.955904931524 2121.955904931524
 1039248 1024 29199.425 29199.425 29199.425 72.89115809643512 72.89115809643512 72.89115809643512 2332.517059085924 2332.517059085924 2332.517059085924
 1143168 512 14603.584 14603.584 14603.584 80.15868104706351 80.15868104706351 80.15868104706351 2565.0777935060323 2565.0777935060323 2565.0777935060323
 1257480 512 14595.936 14595.936 14595.936 88.22041423037207 88.22041423037207 88.22041423037207 2823.0532553719063 2823.0532553719063 2823.0532553719063
 1383224 512 14606.048 14606.048 14606.048 96.97499118173512 96.97499118173512 96.97499118173512 3103.199717815524 3103.199717815524 3103.199717815524
 1521544 512 15636.896 15636.896 15636.896 99.64004723188029 99.64004723188029 99.64004723188029 3188.481511420169 3188.481511420169 3188.481511420169
 1673696 512 16686.399 16686.399 16686.399 102.71027943176954 102.71027943176954 102.71027943176954 3286.728941816625 3286.728941816625 3286.728941816625
 1841064 512 19772.448 19772.448 19772.448 95.34730024324756 95.34730024324756 95.34730024324756 3051.113607783922 3051.113607783922 3051.113607783922
 2025168 512 21816.929 21816.929 21816.929 95.05334284215712 95.05334284215712 95.05334284215712 3041.706970949028 3041.706970949028 3041.706970949028
 2227680 256 11424.992 11424.992 11424.992 99.83133117292337 99.83133117292337 99.83133117292337 3194.602597533548 3194.602597533548 3194.602597533548
 2450448 256 14539.648 14539.648 14539.648 86.29021665448848 86.29021665448848 86.29021665448848 2761.286932943631 2761.286932943631 2761.286932943631
 2695488 256 14542.72 14542.72 14542.72 94.89901861549971 94.89901861549971 94.89901861549971 3036.768595695991 3036.768595695991 3036.768595695991
 2965032 256 15533.952 15533.952 15533.952 97.72763453884754 97.72763453884754 97.72763453884754 3127.2843052431213 3127.2843052431213 3127.2843052431213
 3261528 256 17645.409 17645.409 17645.409 94.6366466200925 94.6366466200925 94.6366466200925 3028.37269184296 3028.37269184296 3028.37269184296
 3587680 256 21768.864 21768.864 21768.864 84.38162689610262 84.38162689610262 84.38162689610262 2700.2120606752837 2700.2120606752837 2700.2120606752837
 3946448 256 21776.64 21776.64 21776.64 92.78664550637748 92.78664550637748 92.78664550637748 2969.1726562040794 2969.1726562040794 2969.1726562040794
 4341088 128 11932.704 11932.704 11932.704 93.1321625006369 93.1321625006369 93.1321625006369 2980.2292000203806 2980.2292000203806 2980.2292000203806
 4775192 128 12940.448 12940.448 12940.448 94.46729757733272 94.46729757733272 94.46729757733272 3022.953522474647 3022.953522474647 3022.953522474647
 5252704 128 16211.679 16211.679 16211.679 82.94589499335635 82.94589499335635 82.94589499335635 2654.268639787403 2654.268639787403 2654.268639787403
 5777968 128 17165.344 17165.344 17165.344 86.17128838198639 86.17128838198639 86.17128838198639 2757.4812282235644 2757.4812282235644 2757.4812282235644
 6355760 128 20029.217 20029.217 20029.217 81.23505576878017 81.23505576878017 81.23505576878017 2599.5217846009655 2599.5217846009655 2599.5217846009655
 6991336 128 22766.752 22766.752 22766.752 78.61384952934876 78.61384952934876 78.61384952934876 2515.64318493916 2515.64318493916 2515.64318493916
 7690464 128 24020.639 24020.639 24020.639 81.96113284080411 81.96113284080411 81.96113284080411 2622.7562509057316 2622.7562509057316 2622.7562509057316
 8459504 64 12580.576 12580.576 12580.576 86.07050360810189 86.07050360810189 86.07050360810189 2754.2561154592604 2754.2561154592604 2754.2561154592604
 9305448 64 14011.52 14011.52 14011.52 85.00843191887816 85.00843191887816 85.00843191887816 2720.269821404101 2720.269821404101 2720.269821404101
 10235992 64 16008.928 16008.928 16008.928 81.84226801444794 81.84226801444794 81.84226801444794 2618.952576462334 2618.952576462334 2618.952576462334
 11259584 64 16867.168 16867.168 16867.168 85.44568667366092 85.44568667366092 85.44568667366092 2734.2619735571493 2734.2619735571493 2734.2619735571493
 12385536 64 19455.072 19455.072 19455.072 81.48767622139871 81.48767622139871 81.48767622139871 2607.605639084759 2607.605639084759 2607.605639084759
 13624088 64 20912.96 20912.96 20912.96 83.38768227931388 83.38768227931388 83.38768227931388 2668.405832938044 2668.405832938044 2668.405832938044
 14986496 64 22934.015 22934.015 22934.015 83.64307287668558 83.64307287668558 83.64307287668558 2676.5783320539385 2676.5783320539385 2676.5783320539385
 16485144 64 24907.713 24907.713 24907.713 84.716667162497 84.716667162497 84.716667162497 2710.933349199904 2710.933349199904 2710.933349199904
 18133656 32 14030.432 14030.432 14030.432 82.716910213456 82.716910213456 82.716910213456 2646.941126830592 2646.941126830592 2646.941126830592
 19947016 32 16312.544 16312.544 16312.544 78.25934593647688 78.25934593647688 78.25934593647688 2504.29906996726 2504.29906996726 2504.29906996726
 21941712 32 17053.312 17053.312 17053.312 82.34585563203206 82.34585563203206 82.34585563203206 2635.0673802250258 2635.0673802250258 2635.0673802250258
 24135880 32 18500.736 18500.736 18500.736 83.49377668001964 83.49377668001964 83.49377668001964 2671.8008537606283 2671.8008537606283 2671.8008537606283
 26549464 32 20360.191 20360.191 20360.191 83.45529253630282 83.45529253630282 83.45529253630282 2670.5693611616903 2670.5693611616903 2670.5693611616903
 29204408 32 22354.401 22354.401 22354.401 83.61137084370992 83.61137084370992 83.61137084370992 2675.5638669987175 2675.5638669987175 2675.5638669987175
 32124848 32 25811.104 25811.104 25811.104 79.65526278922435 79.65526278922435 79.65526278922435 2548.9684092551793 2548.9684092551793 2548.9684092551793
 35337328 16 13538.944 13538.944 13538.944 83.52161704782885 83.52161704782885 83.52161704782885 2672.6917455305233 2672.6917455305233 2672.6917455305233
 38871056 16 14839.488 14839.488 14839.488 83.8218806470951 83.8218806470951 83.8218806470951 2682.300180707043 2682.300180707043 2682.300180707043
 42758160 16 16334.496 16334.496 16334.496 83.7651262701953 83.7651262701953 83.7651262701953 2680.4840406462495 2680.4840406462495 2680.4840406462495
 47033976 16 18046.495 18046.495 18046.495 83.4005291332195 83.4005291332195 83.4005291332195 2668.816932263024 2668.816932263024 2668.816932263024
 51737368 16 19772.64 19772.64 19772.64 83.73165019946754 83.73165019946754 83.73165019946754 2679.412806382961 2679.412806382961 2679.412806382961
 56911104 16 21799.328 21799.328 21799.328 83.54181046314822 83.54181046314822 83.54181046314822 2673.337934820743 2673.337934820743 2673.337934820743
 62602208 16 24048.992 24048.992 24048.992 83.29956848087438 83.29956848087438 83.29956848087438 2665.5861913879803 2665.5861913879803 2665.5861913879803
 68862424 8 13180.384 13180.384 13180.384 83.59383034667276 83.59383034667276 83.59383034667276 2675.0025710935283 2675.0025710935283 2675.0025710935283
 75748664 8 14539.008 14539.008 14539.008 83.3604757628581 83.3604757628581 83.3604757628581 2667.5352244114592 2667.5352244114592 2667.5352244114592
 83323528 8 15952.064 15952.064 15952.064 83.57391545069025 83.57391545069025 83.57391545069025 2674.365294422088 2674.365294422088 2674.365294422088
 91655880 8 17550.24 17550.24 17550.24 83.5597735415584 83.5597735415584 83.5597735415584 2673.912753329869 2673.912753329869 2673.912753329869
 100821464 8 19307.104 19307.104 19307.104 83.55180683752468 83.55180683752468 83.55180683752468 2673.6578188007898 2673.6578188007898 2673.6578188007898
 110903608 8 21216.896 21216.896 21216.896 83.6341813618731 83.6341813618731 83.6341813618731 2676.2938035799393 2676.2938035799393 2676.2938035799393
 121993968 8 23377.92 23377.92 23377.92 83.49346254927727 83.49346254927727 83.49346254927727 2671.7908015768726 2671.7908015768726 2671.7908015768726
 134193360 8 25695.808 25695.808 25695.808 83.55813368468507 83.55813368468507 83.55813368468507 2673.8602779099224 2673.8602779099224 2673.8602779099224
 147612696 4 14139.488 14139.488 14139.488 83.51798650700789 83.51798650700789 83.51798650700789 2672.5755682242525 2672.5755682242525 2672.5755682242525
 162373960 4 15563.392 15563.392 15563.392 83.46456093890073 83.46456093890073 83.46456093890073 2670.8659500448234 2670.8659500448234 2670.8659500448234
 178611352 4 17112.288 17112.288 17112.288 83.50086300557821 83.50086300557821 83.50086300557821 2672.0276161785027 2672.0276161785027 2672.0276161785027
 196472480 4 18828.32 18828.32 18828.32 83.47955845237388 83.47955845237388 83.47955845237388 2671.345870475964 2671.345870475964 2671.345870475964
 216119728 4 20712.0 20712.0 20712.0 83.47614059482426 83.47614059482426 83.47614059482426 2671.2364990343763 2671.2364990343763 2671.2364990343763
 237731696 4 22773.567 22773.567 22773.567 83.51144851397237 83.51144851397237 83.51144851397237 2672.366352447116 2672.366352447116 2672.366352447116
 261504864 4 25038.879 25038.879 25038.879 83.55162034210876 83.55162034210876 83.55162034210876 2673.6518509474804 2673.6518509474804 2673.6518509474804
 287655344 2 13781.984 13781.984 13781.984 83.48735392524036 83.48735392524036 83.48735392524036 2671.5953256076914 2671.5953256076914 2671.5953256076914
 316420872 2 15163.936 15163.936 15163.936 83.46668622183581 83.46668622183581 83.46668622183581 2670.933959098746 2670.933959098746 2670.933959098746
 348062952 2 17855.04 17855.04 17855.04 77.97528361739877 77.97528361739877 77.97528361739877 2495.2090757567607 2495.2090757567607 2495.2090757567607
 382869240 2 18351.616 18351.616 18351.616 83.45188565410261 83.45188565410261 83.45188565410261 2670.4603409312836 2670.4603409312836 2670.4603409312836
 421156160 2 20174.303 20174.303 20174.303 83.50348658885514 83.50348658885514 83.50348658885514 2672.1115708433645 2672.1115708433645 2672.1115708433645
 463271776 2 22186.464 22186.464 22186.464 83.52331872262296 83.52331872262296 83.52331872262296 2672.7461991239347 2672.7461991239347 2672.7461991239347
 509598952 2 24418.976 24418.976 24418.976 83.47589219138429 83.47589219138429 83.47589219138429 2671.2285501242973 2671.2285501242973 2671.2285501242973
 560558840 1 13452.704 13452.704 13452.704 83.3377200598482 83.3377200598482 83.3377200598482 2666.8070419151422 2666.8070419151422 2666.8070419151422
 616614720 1 14789.952 14789.952 14789.952 83.38292375796757 83.38292375796757 83.38292375796757 2668.2535602549624 2668.2535602549624 2668.2535602549624
 678276192 1 16267.168 16267.168 16267.168 83.39204365504801 83.39204365504801 83.39204365504801 2668.5453969615364 2668.5453969615364 2668.5453969615364
 746103808 1 17893.633 17893.633 17893.633 83.39321679392887 83.39321679392887 83.39321679392887 2668.582937405724 2668.582937405724 2668.582937405724
 820714184 1 17802.143 17802.143 17802.143 92.20397611680795 92.20397611680795 92.20397611680795 2950.5272357378544 2950.5272357378544 2950.5272357378544
 902785600 1 19581.888 19581.888 19581.888 92.20618563439848 92.20618563439848 92.20618563439848 2950.5979403007514 2950.5979403007514 2950.5979403007514
 993064160 1 21539.455 21539.455 21539.455 92.20884743834047 92.20884743834047 92.20884743834047 2950.683118026895 2950.683118026895 2950.683118026895
 
META_DATA
 FLOPS          512
 GPU_BLOCKS     320
 GPU_THREADS    512
 ERT_VERSION  1.1.0
 HOSTNAME  ('kp361.kingspeak.peaks', ['kp361'], ['10.242.2.107'])
 UNAME  uname_result(system='Linux', node='kp361', release='3.10.0-957.27.2.el7.x86_64', version='#1 SMP Mon Jul 29 17:46:05 UTC 2019', machine='x86_64', processor='x86_64')
 TIMESTAMP_DATA  1617136832.4548666
 CONFIG  {'ERT_RESULTS': ['Results/Results.kingspeak-p100-gpu.01'], 'ERT_DRIVER': ['driver1'], 'ERT_KERNEL': ['kernel1'], 'ERT_GPU': ['True'], 'ERT_GPU_CFLAGS': ['-x', 'cu', '-arch=sm_60'], 'ERT_GPU_LDFLAGS': [], 'ERT_FLOPS': ['1,64,256,512,1024'], 'ERT_ALIGN': ['32'], 'ERT_CC': ['nvcc'], 'ERT_CFLAGS': ['-O3', '-std=c++11'], 'ERT_LD': ['nvcc'], 'ERT_LDFLAGS': [], 'ERT_LDLIBS': [], 'ERT_RUN': ['srun', '-n', '1', './ERT_CODE'], 'ERT_PRECISION': ['FP64'], 'ERT_BLOCKS_THREADS': ['163840'], 'ERT_GPU_BLOCKS': ['160,320,640,1280,2560'], 'ERT_GPU_THREADS': ['1024,512,256,128,64'], 'ERT_NUM_EXPERIMENTS': ['1'], 'ERT_MEMORY_MAX': ['1073741824'], 'ERT_WORKING_SET_MIN': ['128'], 'ERT_TRIALS_MIN': ['1'], 'ERT_GNUPLOT': ['gnuplot'], 'ERT_MPI': [False], 'ERT_OPENMP': [False], 'ERT_HIP': [False], 'ERT_OCL': [False], 'ERT_SYCL': [False], 'ERT_WSS_MULT': [1.1]}
 