fp64
 1024 1048576 1663616.211 1663616.211 1663616.211 1.2908528023474521 1.2908528023474521 1.2908528023474521 20.653644837559234 20.653644837559234 20.653644837559234
 1120 524288 821617.615 821617.615 821617.615 1.4293816229828522 1.4293816229828522 1.4293816229828522 22.870105967725635 22.870105967725635 22.870105967725635
 1232 524288 811072.021 811072.021 811072.021 1.5927631561094129 1.5927631561094129 1.5927631561094129 25.484210497750606 25.484210497750606 25.484210497750606
 1352 524288 822576.782 822576.782 822576.782 1.7234558317499409 1.7234558317499409 1.7234558317499409 27.575293307999054 27.575293307999054 27.575293307999054
 1480 524288 845098.083 845098.083 845098.083 1.8363459948825847 1.8363459948825847 1.8363459948825847 29.381535918121354 29.381535918121354 29.381535918121354
 1624 524288 845047.668 845047.668 845047.668 2.015137711734387 2.015137711734387 2.015137711734387 32.242203387750195 32.242203387750195 32.242203387750195
 1784 524288 845215.149 845215.149 845215.149 2.2132348032488944 2.2132348032488944 2.2132348032488944 35.41175685198231 35.41175685198231 35.41175685198231
 1960 524288 833150.635 833150.635 833150.635 2.4667915664494453 2.4667915664494453 2.4667915664494453 39.468665063191125 39.468665063191125 39.468665063191125
 2152 262144 415921.387 415921.387 415921.387 2.712694781429934 2.712694781429934 2.712694781429934 43.403116502878945 43.403116502878945 43.403116502878945
 2360 262144 416224.182 416224.182 416224.182 2.9727241556570587 2.9727241556570587 2.9727241556570587 47.56358649051294 47.56358649051294 47.56358649051294
 2592 262144 418706.055 418706.055 418706.055 3.245605072513222 3.245605072513222 3.245605072513222 51.92968116021155 51.92968116021155 51.92968116021155
 2848 262144 411913.757 411913.757 411913.757 3.6249632322913654 3.6249632322913654 3.6249632322913654 57.99941171666185 57.99941171666185 57.99941171666185
 3128 262144 418169.83 418169.83 418169.83 3.921786667393006 3.921786667393006 3.921786667393006 62.7485866782881 62.7485866782881 62.7485866782881
 3440 262144 416275.574 416275.574 416275.574 4.332588392515195 4.332588392515195 4.332588392515195 69.32141428024312 69.32141428024312 69.32141428024312
 3784 262144 417241.913 417241.913 417241.913 4.754809452711909 4.754809452711909 4.754809452711909 76.07695124339054 76.07695124339054 76.07695124339054
 4160 131072 211868.576 211868.576 211868.576 5.1471485795043055 5.1471485795043055 5.1471485795043055 82.35437727206889 82.35437727206889 82.35437727206889
 4576 131072 209188.934 209188.934 209188.934 5.734390060996247 5.734390060996247 5.734390060996247 91.75024097593995 91.75024097593995 91.75024097593995
 5032 131072 211664.124 211664.124 211664.124 6.23208403517641 6.23208403517641 6.23208403517641 99.71334456282256 99.71334456282256 99.71334456282256
 5528 131072 209695.847 209695.847 209695.847 6.910637729511162 6.910637729511162 6.910637729511162 110.5702036721786 110.5702036721786 110.5702036721786
 6080 131072 211003.265 211003.265 211003.265 7.553605959604464 7.553605959604464 7.553605959604464 120.85769535367142 120.85769535367142 120.85769535367142
 6688 131072 210731.4 210731.4 210731.4 8.319685969912411 8.319685969912411 8.319685969912411 133.11497551859858 133.11497551859858 133.11497551859858
 7352 131072 212916.229 212916.229 212916.229 9.05183553668894 9.05183553668894 9.05183553668894 144.82936858702303 144.82936858702303 144.82936858702303
 8080 131072 211522.629 211522.629 211522.629 10.013697021513478 10.013697021513478 10.013697021513478 160.21915234421564 160.21915234421564 160.21915234421564
 8888 65536 104787.292 104787.292 104787.292 11.117454356965347 11.117454356965347 11.117454356965347 177.87926971144554 177.87926971144554 177.87926971144554
 9776 65536 104104.607 104104.607 104104.607 12.30838777384751 12.30838777384751 12.30838777384751 196.93420438156016 196.93420438156016 196.93420438156016
 10752 65536 104329.727 104329.727 104329.727 13.508001837290344 13.508001837290344 13.508001837290344 216.1280293966455 216.1280293966455 216.1280293966455
 11824 65536 104676.514 104676.514 104676.514 14.805568783079652 14.805568783079652 14.805568783079652 236.88910052927443 236.88910052927443 236.88910052927443
 13000 65536 104232.544 104232.544 104232.544 16.347447108265918 16.347447108265918 16.347447108265918 261.5591537322547 261.5591537322547 261.5591537322547
 14296 65536 105535.233 105535.233 105535.233 17.75525820841273 17.75525820841273 17.75525820841273 284.0841313346037 284.0841313346037 284.0841313346037
 15720 65536 104697.09 104697.09 104697.09 19.68012520691836 19.68012520691836 19.68012520691836 314.88200331069373 314.88200331069373 314.88200331069373
 17288 32768 53874.722 53874.722 53874.722 21.030017899674732 21.030017899674732 21.030017899674732 336.4802863947957 336.4802863947957 336.4802863947957
 19016 32768 53130.817 53130.817 53130.817 23.455927206991753 23.455927206991753 23.455927206991753 375.29483531186804 375.29483531186804 375.29483531186804
 20912 32768 53088.608 53088.608 53088.608 25.81512086359469 25.81512086359469 25.81512086359469 413.04193381751503 413.04193381751503 413.04193381751503
 23000 32768 53029.598 53029.598 53029.598 28.42427732527786 28.42427732527786 28.42427732527786 454.78843720444576 454.78843720444576 454.78843720444576
 25296 32768 53397.057 53397.057 53397.057 31.046629704704515 31.046629704704515 31.046629704704515 496.74607527527223 496.74607527527223 496.74607527527223
 27824 32768 54161.022 54161.022 54161.022 33.66763766016085 33.66763766016085 33.66763766016085 538.6822025625736 538.6822025625736 538.6822025625736
 30600 32768 53126.431 53126.431 53126.431 37.747719209671736 37.747719209671736 37.747719209671736 603.9635073547478 603.9635073547478 603.9635073547478
 33656 16384 25653.791 25653.791 25653.791 42.98935030693903 42.98935030693903 42.98935030693903 687.8296049110245 687.8296049110245 687.8296049110245
 37016 16384 25517.408 25517.408 25517.408 47.533836038519276 47.533836038519276 47.533836038519276 760.5413766163084 760.5413766163084 760.5413766163084
 40712 16384 25369.12 25369.12 25369.12 52.585616529071565 52.585616529071565 52.585616529071565 841.369864465145 841.369864465145 841.369864465145
 44776 16384 24911.488 24911.488 24911.488 58.89732351596179 58.89732351596179 58.89732351596179 942.3571762553886 942.3571762553886 942.3571762553886
 49248 16384 25274.879 25274.879 25274.879 63.848316108654764 63.848316108654764 63.848316108654764 1021.5730577384762 1021.5730577384762 1021.5730577384762
 54168 16384 24865.313 24865.313 24865.313 71.38365899516326 71.38365899516326 71.38365899516326 1142.1385439226121 1142.1385439226121 1142.1385439226121
 59584 16384 26341.6 26341.6 26341.6 74.12034622042701 74.12034622042701 74.12034622042701 1185.9255395268322 1185.9255395268322 1185.9255395268322
 65536 16384 26164.896 26164.896 26164.896 82.07499269249915 82.07499269249915 82.07499269249915 1313.1998830799864 1313.1998830799864 1313.1998830799864
 72088 8192 13314.976 13314.976 13314.976 88.7038618770323 88.7038618770323 88.7038618770323 1419.2617900325167 1419.2617900325167 1419.2617900325167
 79296 8192 13103.808 13103.808 13103.808 99.14565781183605 99.14565781183605 99.14565781183605 1586.3305249893767 1586.3305249893767 1586.3305249893767
 87224 8192 12954.4 12954.4 12954.4 110.31603285370223 110.31603285370223 110.31603285370223 1765.0565256592356 1765.0565256592356 1765.0565256592356
 95944 8192 12984.0 12984.0 12984.0 121.06796796056685 121.06796796056685 121.06796796056685 1937.0874873690695 1937.0874873690695 1937.0874873690695
 105536 8192 12847.648 12847.648 12847.648 134.5850870135919 134.5850870135919 134.5850870135919 2153.3613922174704 2153.3613922174704 2153.3613922174704
 116088 8192 13813.728 13813.728 13813.728 137.68808767625944 137.68808767625944 137.68808767625944 2203.009402820151 2203.009402820151 2203.009402820151
 127696 8192 13717.408 13717.408 13717.408 152.51943107619167 152.51943107619167 152.51943107619167 2440.3108972190666 2440.3108972190666 2440.3108972190666
 140464 4096 7027.52 7027.52 7027.52 163.7392832748964 163.7392832748964 163.7392832748964 2619.8285323983423 2619.8285323983423 2619.8285323983423
 154504 4096 7813.664 7813.664 7813.664 161.98505182715817 161.98505182715817 161.98505182715817 2591.760829234531 2591.760829234531 2591.760829234531
 169952 4096 7722.944 7722.944 7722.944 180.2741006538439 180.2741006538439 180.2741006538439 2884.3856104615024 2884.3856104615024 2884.3856104615024
 186944 4096 10630.208 10630.208 10630.208 144.0654075630505 144.0654075630505 144.0654075630505 2305.046521008808 2305.046521008808 2305.046521008808
 205632 4096 11531.712 11531.712 11531.712 146.07868666855364 146.07868666855364 146.07868666855364 2337.2589866968583 2337.2589866968583 2337.2589866968583
 226192 4096 10733.312 10733.312 10733.312 172.63682114150785 172.63682114150785 172.63682114150785 2762.1891382641256 2762.1891382641256 2762.1891382641256
 248808 4096 13426.624 13426.624 13426.624 151.80548259934886 151.80548259934886 151.80548259934886 2428.887721589582 2428.887721589582 2428.887721589582
 273688 2048 6713.504 6713.504 6713.504 166.98076712250415 166.98076712250415 166.98076712250415 2671.6922739600664 2671.6922739600664 2671.6922739600664
 301056 2048 7738.08 7738.08 7738.08 159.3580547112462 159.3580547112462 159.3580547112462 2549.7288753799394 2549.7288753799394 2549.7288753799394
 331160 2048 7833.632 7833.632 7833.632 173.1548482236592 173.1548482236592 173.1548482236592 2770.477571578547 2770.477571578547 2770.477571578547
 364272 2048 9682.432 9682.432 9682.432 154.0995187985828 154.0995187985828 154.0995187985828 2465.592300777325 2465.592300777325 2465.592300777325
 400696 2048 9070.56 9070.56 9070.56 180.94261170203382 180.94261170203382 180.94261170203382 2895.081787232541 2895.081787232541 2895.081787232541
 440760 2048 10124.416 10124.416 10124.416 178.3167503192283 178.3167503192283 178.3167503192283 2853.068005107653 2853.068005107653 2853.068005107653
 484832 2048 11196.16 11196.16 11196.16 177.37080141762888 177.37080141762888 177.37080141762888 2837.932822682062 2837.932822682062 2837.932822682062
 533312 1024 6126.208 6126.208 6126.208 178.2869559766825 178.2869559766825 178.2869559766825 2852.59129562692 2852.59129562692 2852.59129562692
 586640 1024 6674.944 6674.944 6674.944 179.99232952366341 179.99232952366341 179.99232952366341 2879.8772723786146 2879.8772723786146 2879.8772723786146
 645304 1024 7881.856 7881.856 7881.856 167.67403413612226 167.67403413612226 167.67403413612226 2682.784546177956 2682.784546177956 2682.784546177956
 709832 1024 7805.632 7805.632 7805.632 186.24192582996483 186.24192582996483 186.24192582996483 2979.8708132794372 2979.8708132794372 2979.8708132794372
 780808 1024 8380.384 8380.384 8380.384 190.81402284191276 190.81402284191276 190.81402284191276 3053.024365470604 3053.024365470604 3053.024365470604
 858888 1024 8961.568 8961.568 8961.568 196.2829076340212 196.2829076340212 196.2829076340212 3140.526522144339 3140.526522144339 3140.526522144339
 944776 1024 11785.024 11785.024 11785.024 164.18305537604337 164.18305537604337 164.18305537604337 2626.928886016694 2626.928886016694 2626.928886016694
 1039248 1024 12499.136 12499.136 12499.136 170.28216222305284 170.28216222305284 170.28216222305284 2724.5145955688454 2724.5145955688454 2724.5145955688454
 1143168 512 7245.28 7245.28 7245.28 161.5678113199214 161.5678113199214 161.5678113199214 2585.0849811187422 2585.0849811187422 2585.0849811187422
 1257480 512 6823.2 6823.2 6823.2 188.71783327470982 188.71783327470982 188.71783327470982 3019.485332395357 3019.485332395357 3019.485332395357
 1383224 512 7406.4 7406.4 7406.4 191.24289479369196 191.24289479369196 191.24289479369196 3059.8863166990714 3059.8863166990714 3059.8863166990714
 1521544 512 8288.672 8288.672 8288.672 187.9747510819586 187.9747510819586 187.9747510819586 3007.5960173113376 3007.5960173113376 3007.5960173113376
 1673696 512 8864.32 8864.32 8864.32 193.3441825204866 193.3441825204866 193.3441825204866 3093.506920327786 3093.506920327786 3093.506920327786
 1841064 512 10204.64 10204.64 10204.64 184.74434531742423 184.74434531742423 184.74434531742423 2955.9095250787877 2955.9095250787877 2955.9095250787877
 2025168 512 12186.752 12186.752 12186.752 170.16609774286044 170.16609774286044 170.16609774286044 2722.657563885767 2722.657563885767 2722.657563885767
 2227680 256 5967.616 5967.616 5967.616 191.12693578139076 191.12693578139076 191.12693578139076 3058.030972502252 3058.030972502252 3058.030972502252
 2450448 256 6309.984 6309.984 6309.984 198.83241795858754 198.83241795858754 198.83241795858754 3181.3186873374007 3181.3186873374007 3181.3186873374007
 2695488 256 7206.944 7206.944 7206.944 191.49446089771195 191.49446089771195 191.49446089771195 3063.911374363391 3063.911374363391 3063.911374363391
 2965032 256 7641.152 7641.152 7641.152 198.67375809302052 198.67375809302052 198.67375809302052 3178.7801294883284 3178.7801294883284 3178.7801294883284
 3261528 256 9526.08 9526.08 9526.08 175.29795424770737 175.29795424770737 175.29795424770737 2804.767267963318 2804.767267963318 2804.767267963318
 3587680 256 13276.384 13276.384 13276.384 138.3578661177622 138.3578661177622 138.3578661177622 2213.725857884195 2213.725857884195 2213.725857884195
 3946448 256 10553.184 10553.184 10553.184 191.46651626655995 191.46651626655995 191.46651626655995 3063.464260264959 3063.464260264959 3063.464260264959
 4341088 128 5790.176 5790.176 5790.176 191.93173540838828 191.93173540838828 191.93173540838828 3070.9077665342124 3070.9077665342124 3070.9077665342124
 4775192 128 6725.12 6725.12 6725.12 181.77358203273695 181.77358203273695 181.77358203273695 2908.3773125237913 2908.3773125237913 2908.3773125237913
 5252704 128 7032.896 7032.896 7032.896 191.20035672360294 191.20035672360294 191.20035672360294 3059.205707577647 3059.205707577647 3059.205707577647
 5777968 128 7980.736 7980.736 7980.736 185.341277796935 185.341277796935 185.341277796935 2965.46044475096 2965.46044475096 2965.46044475096
 6355760 128 9640.128 9640.128 9640.128 168.78142696860456 168.78142696860456 168.78142696860456 2700.502831497673 2700.502831497673 2700.502831497673
 6991336 128 9656.672 9656.672 9656.672 185.34149404681034 185.34149404681034 185.34149404681034 2965.4639047489654 2965.4639047489654 2965.4639047489654
 7690464 128 10522.432 10522.432 10522.432 187.10111730824207 187.10111730824207 187.10111730824207 2993.617876931873 2993.617876931873 2993.617876931873
 8459504 64 5854.976 5854.976 5854.976 184.93953040968913 184.93953040968913 184.93953040968913 2959.032486555026 2959.032486555026 2959.032486555026
 9305448 64 6223.648 6223.648 6223.648 191.3825049231576 191.3825049231576 191.3825049231576 3062.1200787705216 3062.1200787705216 3062.1200787705216
 10235992 64 6871.264 6871.264 6871.264 190.67917867804232 190.67917867804232 190.67917867804232 3050.866858848677 3050.866858848677 3050.866858848677
 11259584 64 9754.08 9754.08 9754.08 147.75629808244344 147.75629808244344 147.75629808244344 2364.100769319095 2364.100769319095 2364.100769319095
 12385536 64 8260.32 8260.32 8260.32 191.92338892440003 191.92338892440003 191.92338892440003 3070.7742227904005 3070.7742227904005 3070.7742227904005
 13624088 64 9105.248 9105.248 9105.248 191.52507037699576 191.52507037699576 191.52507037699576 3064.401126031932 3064.401126031932 3064.401126031932
 14986496 64 9983.328 9983.328 9983.328 192.1474971071771 192.1474971071771 192.1474971071771 3074.3599537148334 3074.3599537148334 3074.3599537148334
 16485144 64 11026.432 11026.432 11026.432 191.36729197622583 191.36729197622583 191.36729197622583 3061.8766716196133 3061.8766716196133 3061.8766716196133
 18133656 32 5837.408 5837.408 5837.408 198.8132376561652 198.8132376561652 198.8132376561652 3181.011802498643 3181.011802498643 3181.011802498643
 19947016 32 7464.96 7464.96 7464.96 171.013511659808 171.013511659808 171.013511659808 2736.216186556928 2736.216186556928 2736.216186556928
 21941712 32 7362.176 7362.176 7362.176 190.7411026305266 190.7411026305266 190.7411026305266 3051.8576420884256 3051.8576420884256 3051.8576420884256
 24135880 32 8393.824 8393.824 8393.824 184.02772324032523 184.02772324032523 184.02772324032523 2944.4435718452037 2944.4435718452037 2944.4435718452037
 26549464 32 8514.336 8514.336 8514.336 199.56526216489462 199.56526216489462 199.56526216489462 3193.044194638314 3193.044194638314 3193.044194638314
 29204408 32 9749.024 9749.024 9749.024 191.71992109158825 191.71992109158825 191.71992109158825 3067.518737465412 3067.518737465412 3067.518737465412
 32124848 32 11168.096 11168.096 11168.096 184.0949676650344 184.0949676650344 184.0949676650344 2945.5194826405505 2945.5194826405505 2945.5194826405505
 35337328 16 6425.6 6425.6 6425.6 175.9827091633466 175.9827091633466 175.9827091633466 2815.723346613546 2815.723346613546 2815.723346613546
 38871056 16 7022.272 7022.272 7022.272 177.1326704519563 177.1326704519563 177.1326704519563 2834.122727231301 2834.122727231301 2834.122727231301
 42758160 16 6861.184 6861.184 6861.184 199.42055481969294 199.42055481969294 199.42055481969294 3190.728877115087 3190.728877115087 3190.728877115087
 47033976 16 7884.896 7884.896 7884.896 190.88231880293668 190.88231880293668 190.88231880293668 3054.117100846987 3054.117100846987 3054.117100846987
 51737368 16 8648.224 8648.224 8648.224 191.4376611891644 191.4376611891644 191.4376611891644 3063.0025790266304 3063.0025790266304 3063.0025790266304
 56911104 16 9512.576 9512.576 9512.576 191.44712515306057 191.44712515306057 191.44712515306057 3063.154002448969 3063.154002448969 3063.154002448969
 62602208 16 14235.904 14235.904 14235.904 140.7195957488896 140.7195957488896 140.7195957488896 2251.5135319822334 2251.5135319822334 2251.5135319822334
 68862424 8 5762.912 5762.912 5762.912 191.18785502884654 191.18785502884654 191.18785502884654 3059.0056804615447 3059.0056804615447 3059.0056804615447
 75748664 8 6601.312 6601.312 6601.312 183.59662806423935 183.59662806423935 183.59662806423935 2937.5460490278297 2937.5460490278297 2937.5460490278297
 83323528 8 6957.216 6957.216 6957.216 191.6249902259754 191.6249902259754 191.6249902259754 3065.9998436156066 3065.9998436156066 3065.9998436156066
 91655880 8 7981.984 7981.984 7981.984 183.72550984817806 183.72550984817806 183.72550984817806 2939.608157570849 2939.608157570849 2939.608157570849
 100821464 8 8419.488 8419.488 8419.488 191.59638020744256 191.59638020744256 191.59638020744256 3065.542083319081 3065.542083319081 3065.542083319081
 110903608 8 12602.144 12602.144 12602.144 140.80601903929997 140.80601903929997 140.80601903929997 2252.8963046287995 2252.8963046287995 2252.8963046287995
 121993968 8 10624.928 10624.928 10624.928 183.7098084805845 183.7098084805845 183.7098084805845 2939.356935689352 2939.356935689352 2939.356935689352
 134193360 8 11209.152 11209.152 11209.152 191.54827769308508 191.54827769308508 191.54827769308508 3064.7724430893613 3064.7724430893613 3064.7724430893613
 147612696 4 6451.616 6451.616 6451.616 183.0396551809655 183.0396551809655 183.0396551809655 2928.634482895448 2928.634482895448 2928.634482895448
 162373960 4 7073.28 7073.28 7073.28 183.64771082157077 183.64771082157077 183.64771082157077 2938.3633731451323 2938.3633731451323 2938.3633731451323
 178611352 4 7483.488 7483.488 7483.488 190.9391470929064 190.9391470929064 190.9391470929064 3055.0263534865026 3055.0263534865026 3055.0263534865026
 196472480 4 8210.784 8210.784 8210.784 191.42871618593304 191.42871618593304 191.42871618593304 3062.8594589749287 3062.8594589749287 3062.8594589749287
 216119728 4 9412.448 9412.448 9412.448 183.68843301976275 183.68843301976275 183.68843301976275 2939.014928316204 2939.014928316204 2939.014928316204
 237731696 4 9943.168 9943.168 9943.168 191.27239608140985 191.27239608140985 191.27239608140985 3060.3583373025576 3060.3583373025576 3060.3583373025576
 261504864 4 10925.632 10925.632 10925.632 191.47989901179173 191.47989901179173 191.47989901179173 3063.6783841886677 3063.6783841886677 3063.6783841886677
 287655344 2 5786.464 5786.464 5786.464 198.84706376813196 198.84706376813196 198.84706376813196 3181.5530202901114 3181.5530202901114 3181.5530202901114
 316420872 2 6629.056 6629.056 6629.056 190.9296720377683 190.9296720377683 190.9296720377683 3054.874752604293 3054.874752604293 3054.874752604293
 348062952 2 7285.12 7285.12 7285.12 191.10897390845997 191.10897390845997 191.10897390845997 3057.7435825353596 3057.7435825353596 3057.7435825353596
 382869240 2 8010.592 8010.592 8010.592 191.18149569969358 191.18149569969358 191.18149569969358 3058.9039311950974 3058.9039311950974 3058.9039311950974
 421156160 2 8808.704 8808.704 8808.704 191.24545903687988 191.24545903687988 191.24545903687988 3059.927344590078 3059.927344590078 3059.927344590078
 463271776 2 9687.52 9687.52 9687.52 191.28601582241896 191.28601582241896 191.28601582241896 3060.5762531587034 3060.5762531587034 3060.5762531587034
 509598952 2 10651.36 10651.36 10651.36 191.37422901864176 191.37422901864176 191.37422901864176 3061.987664298268 3061.987664298268 3061.987664298268
 560558840 1 5882.656 5882.656 5882.656 190.58018690877046 190.58018690877046 190.58018690877046 3049.2829905403273 3049.2829905403273 3049.2829905403273
 616614720 1 6994.816 6994.816 6994.816 176.30620162131498 176.30620162131498 176.30620162131498 2820.8992259410397 2820.8992259410397 2820.8992259410397
 678276192 1 7104.48 7104.48 7104.48 190.94323356529964 190.94323356529964 190.94323356529964 3055.091737044794 3055.091737044794 3055.091737044794
 746103808 1 8445.728 8445.728 8445.728 176.68194097655052 176.68194097655052 176.68194097655052 2826.9110556248083 2826.9110556248083 2826.9110556248083
 820714184 1 7786.464 7786.464 7786.464 210.80536274231795 210.80536274231795 210.80536274231795 3372.8858038770873 3372.8858038770873 3372.8858038770873
 902785600 1 8903.072 8903.072 8903.072 202.80316726630988 202.80316726630988 202.80316726630988 3244.850676260958 3244.850676260958 3244.850676260958
 993064160 1 9806.144 9806.144 9806.144 202.53917543939798 202.53917543939798 202.53917543939798 3240.6268070303677 3240.6268070303677 3240.6268070303677
 
META_DATA
 FLOPS          256
 GPU_BLOCKS     1280
 GPU_THREADS    128
 ERT_VERSION  1.1.0
 HOSTNAME  ('kp361.kingspeak.peaks', ['kp361'], ['10.242.2.107'])
 UNAME  uname_result(system='Linux', node='kp361', release='3.10.0-957.27.2.el7.x86_64', version='#1 SMP Mon Jul 29 17:46:05 UTC 2019', machine='x86_64', processor='x86_64')
 TIMESTAMP_DATA  1617136640.6863391
 CONFIG  {'ERT_RESULTS': ['Results/Results.kingspeak-p100-gpu.01'], 'ERT_DRIVER': ['driver1'], 'ERT_KERNEL': ['kernel1'], 'ERT_GPU': ['True'], 'ERT_GPU_CFLAGS': ['-x', 'cu', '-arch=sm_60'], 'ERT_GPU_LDFLAGS': [], 'ERT_FLOPS': ['1,64,256,512,1024'], 'ERT_ALIGN': ['32'], 'ERT_CC': ['nvcc'], 'ERT_CFLAGS': ['-O3', '-std=c++11'], 'ERT_LD': ['nvcc'], 'ERT_LDFLAGS': [], 'ERT_LDLIBS': [], 'ERT_RUN': ['srun', '-n', '1', './ERT_CODE'], 'ERT_PRECISION': ['FP64'], 'ERT_BLOCKS_THREADS': ['163840'], 'ERT_GPU_BLOCKS': ['160,320,640,1280,2560'], 'ERT_GPU_THREADS': ['1024,512,256,128,64'], 'ERT_NUM_EXPERIMENTS': ['1'], 'ERT_MEMORY_MAX': ['1073741824'], 'ERT_WORKING_SET_MIN': ['128'], 'ERT_TRIALS_MIN': ['1'], 'ERT_GNUPLOT': ['gnuplot'], 'ERT_MPI': [False], 'ERT_OPENMP': [False], 'ERT_HIP': [False], 'ERT_OCL': [False], 'ERT_SYCL': [False], 'ERT_WSS_MULT': [1.1]}
 