fp64
 1024 1048576 3979519.043 3979519.043 3979519.043 0.5396339670185616 0.5396339670185616 0.5396339670185616 34.53657388918794 34.53657388918794 34.53657388918794
 1120 524288 2048372.314 2048372.314 2048372.314 0.5733357710281961 0.5733357710281961 0.5733357710281961 36.69348934580455 36.69348934580455 36.69348934580455
 1232 524288 2027215.332 2027215.332 2027215.332 0.6372513129749751 0.6372513129749751 0.6372513129749751 40.784084030398404 40.784084030398404 40.784084030398404
 1352 524288 2064349.854 2064349.854 2064349.854 0.6867415177970119 0.6867415177970119 0.6867415177970119 43.95145713900876 43.95145713900876 43.95145713900876
 1480 524288 2043411.011 2043411.011 2043411.011 0.7594617390460955 0.7594617390460955 0.7594617390460955 48.60555129895011 48.60555129895011 48.60555129895011
 1624 524288 2111584.961 2111584.961 2111584.961 0.8064498731765688 0.8064498731765688 0.8064498731765688 51.6127918833004 51.6127918833004 51.6127918833004
 1784 524288 2072675.781 2072675.781 2072675.781 0.9025336239985717 0.9025336239985717 0.9025336239985717 57.76215193590859 57.76215193590859 57.76215193590859
 1960 524288 2129149.658 2129149.658 2129149.658 0.9652721931865252 0.9652721931865252 0.9652721931865252 61.777420363937615 61.777420363937615 61.777420363937615
 2152 262144 1156929.077 1156929.077 1156929.077 0.9752263975642129 0.9752263975642129 0.9752263975642129 62.41448944410963 62.41448944410963 62.41448944410963
 2360 262144 1158652.466 1158652.466 1158652.466 1.0678954356965913 1.0678954356965913 1.0678954356965913 68.34530788458184 68.34530788458184 68.34530788458184
 2592 262144 1334305.664 1334305.664 1334305.664 1.0184731524904924 1.0184731524904924 1.0184731524904924 65.18228175939151 65.18228175939151 65.18228175939151
 2848 262144 1334754.761 1334754.761 1334754.761 1.1186865689704029 1.1186865689704029 1.1186865689704029 71.59594041410578 71.59594041410578 71.59594041410578
 3128 262144 1780104.126 1780104.126 1780104.126 0.921279176901363 0.921279176901363 0.921279176901363 58.96186732168723 58.96186732168723 58.96186732168723
 3440 262144 1788808.716 1788808.716 1788808.716 1.0082412411501243 1.0082412411501243 1.0082412411501243 64.52743943360795 64.52743943360795 64.52743943360795
 3784 262144 2200203.125 2200203.125 2200203.125 0.9016921071776044 0.9016921071776044 0.9016921071776044 57.70829485936668 57.70829485936668 57.70829485936668
 4160 131072 1231463.013 1231463.013 1231463.013 0.8855475385682575 0.8855475385682575 0.8855475385682575 56.67504246836848 56.67504246836848 56.67504246836848
 4576 131072 1223429.077 1223429.077 1223429.077 0.9804989652048297 0.9804989652048297 0.9804989652048297 62.7519337731091 62.7519337731091 62.7519337731091
 5032 131072 1343552.002 1343552.002 1343552.002 0.9818068865487799 0.9818068865487799 0.9818068865487799 62.835640739121914 62.835640739121914 62.835640739121914
 5528 131072 1456953.369 1456953.369 1456953.369 0.9946317176881452 0.9946317176881452 0.9946317176881452 63.65642993204129 63.65642993204129 63.65642993204129
 6080 131072 1572645.386 1572645.386 1572645.386 1.013474197163988 1.013474197163988 1.013474197163988 64.86234861849523 64.86234861849523 64.86234861849523
 6688 131072 1842903.442 1842903.442 1842903.442 0.951335285421861 0.951335285421861 0.951335285421861 60.8854582669991 60.8854582669991 60.8854582669991
 7352 131072 1984487.305 1984487.305 1984487.305 0.9711741078635925 0.9711741078635925 0.9711741078635925 62.15514290326992 62.15514290326992 62.15514290326992
 8080 131072 2118596.924 2118596.924 2118596.924 0.9997765483397822 0.9997765483397822 0.9997765483397822 63.985699093746064 63.985699093746064 63.985699093746064
 8888 65536 1059444.702 1059444.702 1059444.702 1.0996023990688661 1.0996023990688661 1.0996023990688661 70.37455354040743 70.37455354040743 70.37455354040743
 9776 65536 1059262.451 1059262.451 1059262.451 1.2096717586754144 1.2096717586754144 1.2096717586754144 77.41899255522652 77.41899255522652 77.41899255522652
 10752 65536 1059306.885 1059306.885 1059306.885 1.3303851451885917 1.3303851451885917 1.3303851451885917 85.14464929206987 85.14464929206987 85.14464929206987
 11824 65536 1059783.081 1059783.081 1059783.081 1.4623703244418942 1.4623703244418942 1.4623703244418942 93.59170076428123 93.59170076428123 93.59170076428123
 13000 65536 1059367.554 1059367.554 1059367.554 1.6084464674854482 1.6084464674854482 1.6084464674854482 102.94057391906868 102.94057391906868 102.94057391906868
 14296 65536 1059854.37 1059854.37 1059854.37 1.767983757994978 1.767983757994978 1.767983757994978 113.15096051167859 113.15096051167859 113.15096051167859
 15720 65536 1059218.14 1059218.14 1059218.14 1.9452573197056464 1.9452573197056464 1.9452573197056464 124.49646846116137 124.49646846116137 124.49646846116137
 17288 32768 529886.108 529886.108 529886.108 2.1381696007776827 2.1381696007776827 2.1381696007776827 136.8428544497717 136.8428544497717 136.8428544497717
 19016 32768 529919.373 529919.373 529919.373 2.351739980640413 2.351739980640413 2.351739980640413 150.51135876098644 150.51135876098644 150.51135876098644
 20912 32768 529874.695 529874.695 529874.695 2.586439482640325 2.586439482640325 2.586439482640325 165.5321268889808 165.5321268889808 165.5321268889808
 23000 32768 529672.607 529672.607 529672.607 2.8457729927498403 2.8457729927498403 2.8457729927498403 182.12947153598978 182.12947153598978 182.12947153598978
 25296 32768 529702.454 529702.454 529702.454 3.1296790178736833 3.1296790178736833 3.1296790178736833 200.29945714391573 200.29945714391573 200.29945714391573
 27824 32768 529738.831 529738.831 529738.831 3.442212572104234 3.442212572104234 3.442212572104234 220.30160461467096 220.30160461467096 220.30160461467096
 30600 32768 529750.549 529750.549 529750.549 3.7855583232250694 3.7855583232250694 3.7855583232250694 242.27573268640444 242.27573268640444 242.27573268640444
 33656 16384 264865.112 264865.112 264865.112 4.163779063510637 4.163779063510637 4.163779063510637 266.48186006468075 266.48186006468075 266.48186006468075
 37016 16384 264876.16 264876.16 264876.16 4.579273151649435 4.579273151649435 4.579273151649435 293.07348170556384 293.07348170556384 293.07348170556384
 40712 16384 265064.728 265064.728 265064.728 5.032924697547838 5.032924697547838 5.032924697547838 322.1071806430616 322.1071806430616 322.1071806430616
 44776 16384 264933.35 264933.35 264933.35 5.538072001882739 5.538072001882739 5.538072001882739 354.4366081204953 354.4366081204953 354.4366081204953
 49248 16384 264951.111 264951.111 264951.111 6.090778249274827 6.090778249274827 6.090778249274827 389.8098079535889 389.8098079535889 389.8098079535889
 54168 16384 264938.141 264938.141 264938.141 6.6995903923097275 6.6995903923097275 6.6995903923097275 428.77378510782256 428.77378510782256 428.77378510782256
 59584 16384 264907.013 264907.013 264907.013 7.370316436280984 7.370316436280984 7.370316436280984 471.70025192198295 471.70025192198295 471.70025192198295
 65536 16384 264940.46 264940.46 264940.46 8.105533024287796 8.105533024287796 8.105533024287796 518.754113554419 518.754113554419 518.754113554419
 72088 8192 132499.207 132499.207 132499.207 8.913938571722923 8.913938571722923 8.913938571722923 570.4920685902671 570.4920685902671 570.4920685902671
 79296 8192 132529.022 132529.022 132529.022 9.803027626658258 9.803027626658258 9.803027626658258 627.3937681061285 627.3937681061285 627.3937681061285
 87224 8192 132473.083 132473.083 132473.083 10.787685948246557 10.787685948246557 10.787685948246557 690.4119006877796 690.4119006877796 690.4119006877796
 95944 8192 132508.377 132508.377 132508.377 11.862997129607889 11.862997129607889 11.862997129607889 759.2318162949049 759.2318162949049 759.2318162949049
 105536 8192 132541.382 132541.382 132541.382 13.045750677324309 13.045750677324309 13.045750677324309 834.9280433487558 834.9280433487558 834.9280433487558
 116088 8192 132545.059 132545.059 132545.059 14.34972986808961 14.34972986808961 14.34972986808961 918.3827115577351 918.3827115577351 918.3827115577351
 127696 8192 132540.482 132540.482 132540.482 15.785149053554825 15.785149053554825 15.785149053554825 1010.2495394275088 1010.2495394275088 1010.2495394275088
 140464 4096 66281.57 66281.57 66281.57 17.360498370814085 17.360498370814085 17.360498370814085 1111.0718957321014 1111.0718957321014 1111.0718957321014
 154504 4096 66267.166 66267.166 66267.166 19.099907909144626 19.099907909144626 19.099907909144626 1222.394106185256 1222.394106185256 1222.394106185256
 169952 4096 66287.903 66287.903 66287.903 21.00302952712201 21.00302952712201 21.00302952712201 1344.1938897358086 1344.1938897358086 1344.1938897358086
 186944 4096 66287.773 66287.773 66287.773 23.10298232526231 23.10298232526231 23.10298232526231 1478.5908688167879 1478.5908688167879 1478.5908688167879
 205632 4096 66276.161 66276.161 66276.161 25.416942058548024 25.416942058548024 25.416942058548024 1626.6842917470735 1626.6842917470735 1626.6842917470735
 226192 4096 66288.353 66288.353 66288.353 27.95309854809637 27.95309854809637 27.95309854809637 1788.9983070781677 1788.9983070781677 1788.9983070781677
 248808 4096 66926.239 66926.239 66926.239 30.454948110859778 30.454948110859778 30.454948110859778 1949.1166790950258 1949.1166790950258 1949.1166790950258
 273688 2048 33456.257 33456.257 33456.257 33.50721654248412 33.50721654248412 33.50721654248412 2144.461858718984 2144.461858718984 2144.461858718984
 301056 2048 33455.009 33455.009 33455.009 36.859215192559056 36.859215192559056 36.859215192559056 2358.9897723237796 2358.9897723237796 2358.9897723237796
 331160 2048 33467.712 33467.712 33467.712 40.52955158691458 40.52955158691458 40.52955158691458 2593.891301562533 2593.891301562533 2593.891301562533
 364272 2048 33465.279 33465.279 33465.279 44.58525841066498 44.58525841066498 44.58525841066498 2853.4565382825585 2853.4565382825585 2853.4565382825585
 400696 2048 33462.273 33462.273 33462.273 49.04779827718218 49.04779827718218 49.04779827718218 3139.0590897396596 3139.0590897396596 3139.0590897396596
 440760 2048 33465.279 33465.279 33465.279 53.94704642982358 53.94704642982358 53.94704642982358 3452.610971508709 3452.610971508709 3452.610971508709
 484832 2048 66078.88 66078.88 66078.88 30.05304980956093 30.05304980956093 30.05304980956093 1923.3951878118996 1923.3951878118996 1923.3951878118996
 533312 1024 33043.167 33043.167 33043.167 33.054427742958175 33.054427742958175 33.054427742958175 2115.4833755493232 2115.4833755493232 2115.4833755493232
 586640 1024 33051.777 33051.777 33051.777 36.3502004748489 36.3502004748489 36.3502004748489 2326.4128303903294 2326.4128303903294 2326.4128303903294
 645304 1024 33053.505 33053.505 33053.505 39.983130140056254 39.983130140056254 39.983130140056254 2558.9203289636002 2558.9203289636002 2558.9203289636002
 709832 1024 33054.241 33054.241 33054.241 43.9803151432217 43.9803151432217 43.9803151432217 2814.740169166189 2814.740169166189 2814.740169166189
 780808 1024 33496.704 33496.704 33496.704 47.738869591467875 47.738869591467875 47.738869591467875 3055.287653853944 3055.287653853944 3055.287653853944
 858888 1024 33052.574 33052.574 33052.574 53.21832496313298 53.21832496313298 53.21832496313298 3405.9727976405106 3405.9727976405106 3405.9727976405106
 944776 1024 49328.289 49328.289 49328.289 39.224981997652506 39.224981997652506 39.224981997652506 2510.3988478497604 2510.3988478497604 2510.3988478497604
 1039248 1024 49335.903 49335.903 49335.903 43.14058879189867 43.14058879189867 43.14058879189867 2760.997682681515 2760.997682681515 2760.997682681515
 1143168 512 24673.697 24673.697 24673.697 47.44339820660033 47.44339820660033 47.44339820660033 3036.377485222421 3036.377485222421 3036.377485222421
 1257480 512 24679.745 24679.745 24679.745 52.17474977962698 52.17474977962698 52.17474977962698 3339.1839858961266 3339.1839858961266 3339.1839858961266
 1383224 512 32976.768 32976.768 32976.768 42.95209815588963 42.95209815588963 42.95209815588963 2748.9342819769363 2748.9342819769363 2748.9342819769363
 1521544 512 32985.6 32985.6 32985.6 47.23458284827319 47.23458284827319 47.23458284827319 3023.0133022894843 3023.0133022894843 3023.0133022894843
 1673696 512 32984.032 32984.032 32984.032 51.96043661369235 51.96043661369235 51.96043661369235 3325.4679432763105 3325.4679432763105 3325.4679432763105
 1841064 512 39004.002 39004.002 39004.002 48.33477180110902 48.33477180110902 48.33477180110902 3093.4253952709773 3093.4253952709773 3093.4253952709773
 2025168 512 43236.801 43236.801 43236.801 47.963123636274574 47.963123636274574 47.963123636274574 3069.6399127215727 3069.6399127215727 3069.6399127215727
 2227680 256 20579.103 20579.103 20579.103 55.42380345732271 55.42380345732271 55.42380345732271 3547.1234212686536 3547.1234212686536 3547.1234212686536
 2450448 256 24628.448 24628.448 24628.448 50.94228333023664 50.94228333023664 50.94228333023664 3260.306133135145 3260.306133135145 3260.306133135145
 2695488 256 32914.593 32914.593 32914.593 41.929421882871225 41.929421882871225 41.929421882871225 2683.4830005037584 2683.4830005037584 2683.4830005037584
 2965032 256 32911.518 32911.518 32911.518 46.12659871841828 46.12659871841828 46.12659871841828 2952.10231797877 2952.10231797877 2952.10231797877
 3261528 256 37014.786 37014.786 37014.786 45.11446685116591 45.11446685116591 45.11446685116591 2887.325878474618 2887.325878474618 2887.325878474618
 3587680 256 36910.049 36910.049 36910.049 49.76672233623965 49.76672233623965 49.76672233623965 3185.0702295193378 3185.0702295193378 3185.0702295193378
 3946448 256 40039.646 40039.646 40039.646 50.4645164944765 50.4645164944765 50.4645164944765 3229.729055646496 3229.729055646496 3229.729055646496
 4341088 128 24666.847 24666.847 24666.847 45.05312446296845 45.05312446296845 45.05312446296845 2883.3999656299807 2883.3999656299807 2883.3999656299807
 4775192 128 26722.784 26722.784 26722.784 45.74557620942489 45.74557620942489 45.74557620942489 2927.716877403193 2927.716877403193 2927.716877403193
 5252704 128 26691.072 26691.072 26691.072 50.37985076058392 50.37985076058392 50.37985076058392 3224.310448677371 3224.310448677371 3224.310448677371
 5777968 128 34907.2 34907.2 34907.2 42.374060594948894 42.374060594948894 42.374060594948894 2711.939878076729 2711.939878076729 2711.939878076729
 6355760 128 30722.015 30722.015 30722.015 52.96119281238552 52.96119281238552 52.96119281238552 3389.5163399926732 3389.5163399926732 3389.5163399926732
 6991336 128 41998.207 41998.207 41998.207 42.61567680734561 42.61567680734561 42.61567680734561 2727.403315670119 2727.403315670119 2727.403315670119
 7690464 128 36859.81 36859.81 36859.81 53.41207087068545 53.41207087068545 53.41207087068545 3418.3725357238686 3418.3725357238686 3418.3725357238686
 8459504 64 20525.921 20525.921 20525.921 52.753613930405365 52.753613930405365 52.753613930405365 3376.2312915459433 3376.2312915459433 3376.2312915459433
 9305448 64 22572.512 22572.512 22572.512 52.76760264874374 52.76760264874374 52.76760264874374 3377.1265695195993 3377.1265695195993 3377.1265695195993
 10235992 64 24551.264 24551.264 24551.264 53.36617194128986 53.36617194128986 53.36617194128986 3415.4350042425513 3415.4350042425513 3415.4350042425513
 11259584 64 33859.104 33859.104 33859.104 42.565413189906025 42.565413189906025 42.565413189906025 2724.1864441539856 2724.1864441539856 2724.1864441539856
 12385536 64 29741.344 29741.344 29741.344 53.30453822127205 53.30453822127205 53.30453822127205 3411.490446161411 3411.490446161411 3411.490446161411
 13624088 64 32804.607 32804.607 32804.607 53.1597060132438 53.1597060132438 53.1597060132438 3402.221184847603 3402.221184847603 3402.221184847603
 14986496 64 46165.215 46165.215 46165.215 41.552313533035644 41.552313533035644 41.552313533035644 2659.348066114281 2659.348066114281 2659.348066114281
 16485144 64 50269.184 50269.184 50269.184 41.97598337780856 41.97598337780856 41.97598337780856 2686.462936179748 2686.462936179748 2686.462936179748
 18133656 32 21441.696 21441.696 21441.696 54.1260348062019 54.1260348062019 54.1260348062019 3464.0662275969216 3464.0662275969216 3464.0662275969216
 19947016 32 23563.553 23563.553 23563.553 54.17727216264882 54.17727216264882 54.17727216264882 3467.3454184095244 3467.3454184095244 3467.3454184095244
 21941712 32 26021.856 26021.856 26021.856 53.96500418724936 53.96500418724936 53.96500418724936 3453.7602679839592 3453.7602679839592 3453.7602679839592
 24135880 32 28669.312 28669.312 28669.312 53.87978337254831 53.87978337254831 53.87978337254831 3448.306135843092 3448.306135843092 3448.306135843092
 26549464 32 31231.873 31231.873 31231.873 54.404860573043436 54.404860573043436 54.404860573043436 3481.91107667478 3481.91107667478 3481.91107667478
 29204408 32 34301.407 34301.407 34301.407 54.4899546540467 54.4899546540467 54.4899546540467 3487.3570978589887 3487.3570978589887 3487.3570978589887
 32124848 32 37848.766 37848.766 37848.766 54.321196944703544 54.321196944703544 54.321196944703544 3476.556604461027 3476.556604461027 3476.556604461027
 35337328 16 20678.368 20678.368 20678.368 54.68490047183608 54.68490047183608 54.68490047183608 3499.833630197509 3499.833630197509 3499.833630197509
 38871056 16 22757.631 22757.631 22757.631 54.657437410774435 54.657437410774435 54.657437410774435 3498.075994289564 3498.075994289564 3498.075994289564
 42758160 16 25039.425 25039.425 25039.425 54.6442707849721 54.6442707849721 54.6442707849721 3497.2333302382144 3497.2333302382144 3497.2333302382144
 47033976 16 27572.992 27572.992 27572.992 54.5855608270586 54.5855608270586 54.5855608270586 3493.4758929317504 3493.4758929317504 3493.4758929317504
 51737368 16 30393.503 30393.503 30393.503 54.47202897277092 54.47202897277092 54.47202897277092 3486.209854257339 3486.209854257339 3486.209854257339
 56911104 16 33452.896 33452.896 33452.896 54.43939227264509 54.43939227264509 54.43939227264509 3484.1211054492856 3484.1211054492856 3484.1211054492856
 62602208 16 36771.774 36771.774 36771.774 54.478488201303534 54.478488201303534 54.478488201303534 3486.623244883426 3486.623244883426 3486.623244883426
 68862424 8 20196.096 20196.096 20196.096 54.555037963772804 54.555037963772804 54.555037963772804 3491.5224296814595 3491.5224296814595 3491.5224296814595
 75748664 8 22224.928 22224.928 22224.928 54.53239821519331 54.53239821519331 54.53239821519331 3490.073485772372 3490.073485772372 3490.073485772372
 83323528 8 24403.456 24403.456 24403.456 54.630641168201755 54.630641168201755 54.630641168201755 3496.3610347649123 3496.3610347649123 3496.3610347649123
 91655880 8 26843.807 26843.807 26843.807 54.63062970166638 54.63062970166638 54.63062970166638 3496.3603009066483 3496.3603009066483 3496.3603009066483
 100821464 8 29516.319 29516.319 29516.319 54.6525948577802 54.6525948577802 54.6525948577802 3497.766070897933 3497.766070897933 3497.766070897933
 110903608 8 32462.849 32462.849 32462.849 54.6611829417683 54.6611829417683 54.6611829417683 3498.3157082731714 3498.3157082731714 3498.3157082731714
 121993968 8 35769.985 35769.985 35769.985 54.56819419969005 54.56819419969005 54.56819419969005 3492.364428780163 3492.364428780163 3492.364428780163
 134193360 8 39346.176 39346.176 39346.176 54.5693121486571 54.5693121486571 54.5693121486571 3492.4359775140542 3492.4359775140542 3492.4359775140542
 147612696 4 21616.608 21616.608 21616.608 54.6293649771509 54.6293649771509 54.6293649771509 3496.2793585376576 3496.2793585376576 3496.2793585376576
 162373960 4 23778.751 23778.751 23778.751 54.62825528556988 54.62825528556988 54.62825528556988 3496.208338276472 3496.208338276472 3496.208338276472
 178611352 4 26139.711 26139.711 26139.711 54.66360419975569 54.66360419975569 54.66360419975569 3498.470668784364 3498.470668784364 3498.470668784364
 196472480 4 28762.337 28762.337 28762.337 54.64715332415444 54.64715332415444 54.64715332415444 3497.417812745884 3497.417812745884 3497.417812745884
 216119728 4 31640.224 31640.224 31640.224 54.644297840622116 54.644297840622116 54.644297840622116 3497.2350617998154 3497.2350617998154 3497.2350617998154
 237731696 4 34822.464 34822.464 34822.464 54.615709215752226 54.615709215752226 54.615709215752226 3495.4053898081424 3495.4053898081424 3495.4053898081424
 261504864 4 38276.897 38276.897 38276.897 54.65539466273873 54.65539466273873 54.65539466273873 3497.9452584152787 3497.9452584152787 3497.9452584152787
 287655344 2 21061.119 21061.119 21061.119 54.63249013502084 54.63249013502084 54.63249013502084 3496.4793686413336 3496.4793686413336 3496.4793686413336
 316420872 2 23161.377 23161.377 23161.377 54.646297066016416 54.646297066016416 54.646297066016416 3497.3630122250506 3497.3630122250506 3497.3630122250506
 348062952 2 25465.887 25465.887 25465.887 54.67124738282236 54.67124738282236 54.67124738282236 3498.959832500631 3498.959832500631 3498.959832500631
 382869240 2 28021.536 28021.536 28021.536 54.65356931183216 54.65356931183216 54.65356931183216 3497.828435957258 3497.828435957258 3497.828435957258
 421156160 2 30813.473 30813.473 30813.473 54.67168988059217 54.67168988059217 54.67168988059217 3498.988152357899 3498.988152357899 3498.988152357899
 463271776 2 33896.385 33896.385 33896.385 54.66916616624457 54.66916616624457 54.66916616624457 3498.8266346396526 3498.8266346396526 3498.8266346396526
 509598952 2 37283.81 37283.81 37283.81 54.67241164462538 54.67241164462538 54.67241164462538 3499.034345256024 3499.034345256024 3499.034345256024
 560558840 1 20517.92 20517.92 20517.92 54.64090317147158 54.64090317147158 54.64090317147158 3497.017802974181 3497.017802974181 3497.017802974181
 616614720 1 22576.96 22576.96 22576.96 54.62336116111292 54.62336116111292 54.62336116111292 3495.8951143112267 3495.8951143112267 3495.8951143112267
 678276192 1 24828.352 24828.352 24828.352 54.63723021165481 54.63723021165481 54.63723021165481 3496.782733545908 3496.782733545908 3496.782733545908
 746103808 1 27299.969 27299.969 27299.969 54.65968170147006 54.65968170147006 54.65968170147006 3498.219628894084 3498.219628894084 3498.219628894084
 820714184 1 30034.784 30034.784 30034.784 54.650913021382145 54.650913021382145 54.650913021382145 3497.6584333684573 3497.6584333684573 3497.6584333684573
 902785600 1 33035.168 33035.168 33035.168 54.656032020179225 54.656032020179225 54.656032020179225 3497.9860492914704 3497.9860492914704 3497.9860492914704
 993064160 1 36328.354 36328.354 36328.354 54.671574715441274 54.671574715441274 54.671574715441274 3498.9807817882415 3498.9807817882415 3498.9807817882415
 
META_DATA
 FLOPS          1024
 GPU_BLOCKS     160
 GPU_THREADS    1024
 ERT_VERSION  1.1.0
 HOSTNAME  ('kp361.kingspeak.peaks', ['kp361'], ['10.242.2.107'])
 UNAME  uname_result(system='Linux', node='kp361', release='3.10.0-957.27.2.el7.x86_64', version='#1 SMP Mon Jul 29 17:46:05 UTC 2019', machine='x86_64', processor='x86_64')
 TIMESTAMP_DATA  1617137110.0796933
 CONFIG  {'ERT_RESULTS': ['Results/Results.kingspeak-p100-gpu.01'], 'ERT_DRIVER': ['driver1'], 'ERT_KERNEL': ['kernel1'], 'ERT_GPU': ['True'], 'ERT_GPU_CFLAGS': ['-x', 'cu', '-arch=sm_60'], 'ERT_GPU_LDFLAGS': [], 'ERT_FLOPS': ['1,64,256,512,1024'], 'ERT_ALIGN': ['32'], 'ERT_CC': ['nvcc'], 'ERT_CFLAGS': ['-O3', '-std=c++11'], 'ERT_LD': ['nvcc'], 'ERT_LDFLAGS': [], 'ERT_LDLIBS': [], 'ERT_RUN': ['srun', '-n', '1', './ERT_CODE'], 'ERT_PRECISION': ['FP64'], 'ERT_BLOCKS_THREADS': ['163840'], 'ERT_GPU_BLOCKS': ['160,320,640,1280,2560'], 'ERT_GPU_THREADS': ['1024,512,256,128,64'], 'ERT_NUM_EXPERIMENTS': ['1'], 'ERT_MEMORY_MAX': ['1073741824'], 'ERT_WORKING_SET_MIN': ['128'], 'ERT_TRIALS_MIN': ['1'], 'ERT_GNUPLOT': ['gnuplot'], 'ERT_MPI': [False], 'ERT_OPENMP': [False], 'ERT_HIP': [False], 'ERT_OCL': [False], 'ERT_SYCL': [False], 'ERT_WSS_MULT': [1.1]}
 